RealTimeStep Cycle rho   rhoV[0]   rhoV[1]   rhoV[2]   rhoE   rhok   rhoOmega   probe1@MHH@63.3_V_x   probe1@MHH@63.3_V_y   probe1@MHH@63.3_V_z   probe1@MHH@63.3_ti   probe2@MHH@63.3_V_x   probe2@MHH@63.3_V_y   probe2@MHH@63.3_V_z   probe2@MHH@63.3_ti   T001_omega   T001_power   T001_uref   T002_omega   T002_power   T002_uref 
0 1 1.72158465E-07   3.38645214E-06   1.27647138E-06   6.69816359E-07   6.33258537E-07   3.25836112E-07   1.82808406E-04   1.31186981E+01   4.75886822E+00   2.22976226E-02   1.05422400E-01   1.31041689E+01   4.75296164E+00   -3.66099142E-02   1.05540082E-01   1.67836750E+00   2.29757550E+06   1.36298676E+01   1.67837203E+00   2.29757000E+06   1.36282129E+01 
0 10 9.70210863E-08   2.27785699E-06   9.50655306E-07   5.61455408E-07   3.36262787E-07   3.32332073E-09   2.11499332E-06   1.29194012E+01   4.67303658E+00   1.10359445E-01   1.07163727E-01   1.28964081E+01   4.63000250E+00   -2.02108979E-01   1.07451394E-01   1.67824852E+00   2.29643150E+06   1.32932816E+01   1.67823863E+00   2.29642175E+06   1.32904177E+01 
0 20 4.75920281E-08   1.51724862E-06   6.83486689E-07   3.95603024E-07   1.78558196E-07   2.81922441E-09   1.80835184E-06   1.30007210E+01   4.66850376E+00   1.81728154E-01   1.06760427E-01   1.30067873E+01   4.65221071E+00   -2.67430305E-01   1.06761046E-01   1.67813730E+00   2.29633025E+06   1.32635193E+01   1.67813122E+00   2.29632525E+06   1.32619934E+01 
0 30 3.49308635E-08   1.15244848E-06   5.14522071E-07   3.16734059E-07   1.20792151E-07   2.46424503E-09   1.64391577E-06   1.29130430E+01   4.62611198E+00   2.03403667E-01   1.07674569E-01   1.28896580E+01   4.61575651E+00   -2.78137118E-01   1.07879721E-01   1.67736125E+00   2.29583750E+06   1.31184931E+01   1.67735386E+00   2.29583375E+06   1.31173878E+01 
0 40 2.60120192E-08   9.60470288E-07   4.41793816E-07   2.88573801E-07   8.82192666E-08   2.19347096E-09   1.43519719E-06   1.28272333E+01   4.62365389E+00   2.27299914E-01   1.08470730E-01   1.28271017E+01   4.60952520E+00   -2.69608766E-01   1.08525254E-01   1.67664027E+00   2.29551375E+06   1.30232592E+01   1.67663562E+00   2.29551175E+06   1.30227194E+01 
0 50 1.78075794E-08   8.25722850E-07   3.77050213E-07   2.40497428E-07   6.18054941E-08   1.98247196E-09   1.23627342E-06   1.27933826E+01   4.62918282E+00   2.11993575E-01   1.08912148E-01   1.27926779E+01   4.60827875E+00   -2.96011358E-01   1.08975939E-01   1.67606199E+00   2.29529625E+06   1.29593048E+01   1.67607272E+00   2.29530000E+06   1.29604149E+01 
0 60 1.57725655E-08   6.88413365E-07   3.14949318E-07   1.99550612E-07   5.10297724E-08   1.80057214E-09   1.09081623E-06   1.27455540E+01   4.62893629E+00   1.82802156E-01   1.09448515E-01   1.27490511E+01   4.60247660E+00   -3.18161130E-01   1.09485276E-01   1.67552662E+00   2.29511650E+06   1.29064045E+01   1.67559826E+00   2.29513950E+06   1.29132023E+01 
0 70 1.17357271E-08   5.87656473E-07   2.67811060E-07   1.69792798E-07   3.86906578E-08   1.64490610E-09   9.78223738E-07   1.27057896E+01   4.62655735E+00   1.75761506E-01   1.09895304E-01   1.27212944E+01   4.60142899E+00   -3.16673487E-01   1.09849490E-01   1.67582738E+00   2.29477875E+06   1.28778839E+01   1.67575049E+00   2.29485725E+06   1.28840990E+01 
0 80 9.12162790E-09   5.23834558E-07   2.34874335E-07   1.46181904E-07   2.99702236E-08   1.50958968E-09   8.80310722E-07   1.26964512E+01   4.62357521E+00   1.77416965E-01   1.10080272E-01   1.27055016E+01   4.59820223E+00   -3.09423923E-01   1.10111579E-01   1.67594206E+00   2.29465950E+06   1.28684769E+01   1.67593753E+00   2.29466425E+06   1.28688526E+01 
0 90 7.41738804E-09   4.75653650E-07   2.09423661E-07   1.23886807E-07   2.35546889E-08   1.39037071E-09   7.97667440E-07   1.26814709E+01   4.61635113E+00   1.83149919E-01   1.10283963E-01   1.26923523E+01   4.59453821E+00   -3.05668235E-01   1.10332109E-01   1.67609894E+00   2.29449325E+06   1.28553400E+01   1.67607236E+00   2.29452150E+06   1.28575830E+01 
0 100 6.46995746E-09   4.35429257E-07   1.85021520E-07   1.02434804E-07   2.10046718E-08   1.28398681E-09   7.29492342E-07   1.26594238E+01   4.61118412E+00   1.87777564E-01   1.10516608E-01   1.26791563E+01   4.59415865E+00   -3.04929405E-01   1.10524058E-01   1.67632663E+00   2.29424425E+06   1.28356705E+01   1.67620325E+00   2.29438025E+06   1.28464155E+01 
0 110 5.97985794E-09   4.01183030E-07   1.63950929E-07   8.35670804E-08   1.96321270E-08   1.19052068E-09   6.72049680E-07   1.26436510E+01   4.61069965E+00   1.87114522E-01   1.10678762E-01   1.26671667E+01   4.59403372E+00   -3.06171179E-01   1.10689342E-01   1.67653310E+00   2.29400975E+06   1.28171606E+01   1.67632425E+00   2.29424675E+06   1.28358774E+01 
0 120 5.53900126E-09   3.71292316E-07   1.48171054E-07   6.78570515E-08   1.73468298E-08   1.11085274E-09   6.22338234E-07   1.26323242E+01   4.61316824E+00   1.85593233E-01   1.10790171E-01   1.26597481E+01   4.59369850E+00   -3.08716446E-01   1.10806108E-01   1.67668915E+00   2.29382700E+06   1.28027105E+01   1.67640436E+00   2.29415700E+06   1.28287878E+01 
0 130 5.10249265E-09   3.45102023E-07   1.35831655E-07   5.56825057E-08   1.55055471E-08   1.04279430E-09   5.77929995E-07   1.26238174E+01   4.61621332E+00   1.85610101E-01   1.10872991E-01   1.26555977E+01   4.59329939E+00   -3.11863512E-01   1.10886581E-01   1.67680609E+00   2.29368600E+06   1.27915726E+01   1.67645514E+00   2.29409950E+06   1.28242359E+01 
0 140 4.78919171E-09   3.21930543E-07   1.25590859E-07   4.70043382E-08   1.44112615E-08   9.84422210E-10   5.37299513E-07   1.26173477E+01   4.61901951E+00   1.86322182E-01   1.10938020E-01   1.26507730E+01   4.59215021E+00   -3.13878596E-01   1.10965595E-01   1.67690480E+00   2.29356425E+06   1.27819738E+01   1.67651439E+00   2.29403150E+06   1.28188763E+01 
0 150 4.45798021E-09   3.01079638E-07   1.16769783E-07   4.06386675E-08   1.31133806E-08   9.34593292E-10   4.99574412E-07   1.26104784E+01   4.62261248E+00   1.87129050E-01   1.11001790E-01   1.26446362E+01   4.59024715E+00   -3.13077122E-01   1.11050241E-01   1.67699778E+00   2.29344750E+06   1.27727413E+01   1.67658591E+00   2.29394850E+06   1.28123236E+01 
0 160 3.99822842E-09   2.81866733E-07   1.08985276E-07   3.54843053E-08   1.15069883E-08   8.92471819E-10   4.64653453E-07   1.26032600E+01   4.62789917E+00   1.87226444E-01   1.11061558E-01   1.26392651E+01   4.58819580E+00   -3.10490161E-01   1.11123905E-01   1.67708182E+00   2.29333975E+06   1.27642317E+01   1.67665052E+00   2.29387275E+06   1.28063250E+01 
0 170 3.55174756E-09   2.63995048E-07   1.01888119E-07   3.10569916E-08   1.00718651E-08   8.56915650E-10   4.32413401E-07   1.25969286E+01   4.63426018E+00   1.86557621E-01   1.11109182E-01   1.26358261E+01   4.58624363E+00   -3.07962537E-01   1.11177772E-01   1.67715108E+00   2.29324950E+06   1.27570972E+01   1.67669857E+00   2.29381575E+06   1.28018227E+01 
0 180 3.27232574E-09   2.47472798E-07   9.53586934E-08   2.75600627E-08   9.13487952E-09   8.26180402E-10   4.02486108E-07   1.25919428E+01   4.64063644E+00   1.86159551E-01   1.11143783E-01   1.26342258E+01   4.58472538E+00   -3.05955559E-01   1.11212865E-01   1.67720580E+00   2.29317700E+06   1.27513704E+01   1.67672968E+00   2.29377850E+06   1.27988834E+01 
0 190 3.15451421E-09   2.32245981E-07   8.93821621E-08   2.47939926E-08   8.71564332E-09   7.99128319E-10   3.74833178E-07   1.25881805E+01   4.64656353E+00   1.86660767E-01   1.11167967E-01   1.26335640E+01   4.58386230E+00   -3.04040879E-01   1.11236721E-01   1.67725122E+00   2.29311600E+06   1.27465601E+01   1.67675102E+00   2.29375275E+06   1.27968550E+01 
0 200 3.12062998E-09   2.18110230E-07   8.39187422E-08   2.24190213E-08   8.62639737E-09   7.74775077E-10   3.49269527E-07   1.25853243E+01   4.65191746E+00   1.88046172E-01   1.11185193E-01   1.26323671E+01   4.58336401E+00   -3.02316457E-01   1.11262359E-01   1.67729151E+00   2.29306125E+06   1.27422457E+01   1.67677569E+00   2.29372300E+06   1.27944965E+01 
0 210 2.97449754E-09   2.04857855E-07   7.88910555E-08   2.04862172E-08   8.23254975E-09   7.52590323E-10   3.25523047E-07   1.25837126E+01   4.65645552E+00   1.89921364E-01   1.11194044E-01   1.26299419E+01   4.58277130E+00   -3.01663995E-01   1.11296669E-01   1.67732418E+00   2.29301675E+06   1.27387228E+01   1.67681086E+00   2.29368000E+06   1.27911148E+01 
0 220 2.56182919E-09   1.92388356E-07   7.42418251E-08   1.93151024E-08   6.98393432E-09   7.31897654E-10   3.03140666E-07   1.25843239E+01   4.65965652E+00   1.91827729E-01   1.11188658E-01   1.26269369E+01   4.58195782E+00   -3.02648276E-01   1.11334562E-01   1.67734230E+00   2.29299175E+06   1.27367430E+01   1.67685139E+00   2.29363050E+06   1.27871914E+01 
0 230 2.13802731E-09   1.80695977E-07   6.99193308E-08   1.82064266E-08   5.91576388E-09   7.12417736E-10   2.81882990E-07   1.25877285E+01   4.66097260E+00   1.93698481E-01   1.11166298E-01   1.26243792E+01   4.58116770E+00   -3.04576784E-01   1.11366935E-01   1.67734253E+00   2.29299150E+06   1.27367229E+01   1.67688715E+00   2.29358625E+06   1.27837048E+01 
0 240 2.10710116E-09   1.69764348E-07   6.58890755E-08   1.66607368E-08   6.49343868E-09   6.94168278E-10   2.61775028E-07   1.25937490E+01   4.66023016E+00   1.95744336E-01   1.11128949E-01   1.26227150E+01   4.58068848E+00   -3.06128800E-01   1.11389481E-01   1.67732596E+00   2.29301425E+06   1.27385273E+01   1.67691314E+00   2.29355400E+06   1.27811537E+01 
0 250 2.25916019E-09   1.59566497E-07   6.21615186E-08   1.51943365E-08   7.41430206E-09   6.76724565E-10   2.42578068E-07   1.26019058E+01   4.65766621E+00   1.97966203E-01   1.11079775E-01   1.26215134E+01   4.58054113E+00   -3.06487679E-01   1.11405961E-01   1.67729497E+00   2.29305675E+06   1.27418728E+01   1.67693329E+00   2.29352875E+06   1.27791691E+01 
0 260 2.19421015E-09   1.50138590E-07   5.87584239E-08   1.42858934E-08   7.23905069E-09   6.59950927E-10   2.24192789E-07   1.26118708E+01   4.65369606E+00   2.00045392E-01   1.11020222E-01   1.26199245E+01   4.58053493E+00   -3.05751026E-01   1.11424267E-01   1.67724991E+00   2.29311775E+06   1.27466984E+01   1.67695558E+00   2.29350075E+06   1.27769508E+01 
0 270 1.93514493E-09   1.41474302E-07   5.56384308E-08   1.37277727E-08   6.22982110E-09   6.44370335E-10   2.07018005E-07   1.26234341E+01   4.64863014E+00   2.01763004E-01   1.10950999E-01   1.26175184E+01   4.58047438E+00   -3.04629326E-01   1.11448929E-01   1.67718983E+00   2.29319800E+06   1.27530460E+01   1.67698479E+00   2.29346400E+06   1.27740421E+01 
0 280 1.77507564E-09   1.33409713E-07   5.27372279E-08   1.32375835E-08   5.45036860E-09   6.30063113E-10   1.91156431E-07   1.26361217E+01   4.64256907E+00   2.03298345E-01   1.10875428E-01   1.26145515E+01   4.58030272E+00   -3.03807646E-01   1.11478359E-01   1.67711687E+00   2.29329425E+06   1.27606316E+01   1.67701864E+00   2.29342100E+06   1.27706490E+01 
0 290 1.83014015E-09   1.25765027E-07   5.00452657E-08   1.28201254E-08   5.18769649E-09   6.16590168E-10   1.76332208E-07   1.26490583E+01   4.63552952E+00   2.04984456E-01   1.10800333E-01   1.26116734E+01   4.58009672E+00   -3.03490072E-01   1.11507244E-01   1.67703760E+00   2.29339675E+06   1.27687349E+01   1.67705083E+00   2.29337975E+06   1.27673883E+01 
0 300 1.94192951E-09   1.18547376E-07   4.75554067E-08   1.23015704E-08   4.84515184E-09   6.03475769E-10   1.62211947E-07   1.26613016E+01   4.62766981E+00   2.06816405E-01   1.10732831E-01   1.26094475E+01   4.57993841E+00   -3.03464174E-01   1.11530796E-01   1.67695940E+00   2.29349600E+06   1.27765818E+01   1.67707622E+00   2.29334700E+06   1.27648077E+01 
0 310 2.02482187E-09   1.11871927E-07   4.51781901E-08   1.14842624E-08   4.30181268E-09   5.90608340E-10   1.48862256E-07   1.26722412E+01   4.61942339E+00   2.08312824E-01   1.10676773E-01   1.26079931E+01   4.57984686E+00   -3.03420901E-01   1.11547880E-01   1.67688632E+00   2.29358725E+06   1.27837887E+01   1.67709339E+00   2.29332475E+06   1.27630510E+01 
0 320 2.08374895E-09   1.05767541E-07   4.28021742E-08   1.05649471E-08   3.88626153E-09   5.78042336E-10   1.36511389E-07   1.26817036E+01   4.61141920E+00   2.08880603E-01   1.10631868E-01   1.26070433E+01   4.57980728E+00   -3.03223580E-01   1.11560546E-01   1.67681777E+00   2.29367175E+06   1.27904501E+01   1.67710459E+00   2.29331025E+06   1.27618999E+01 
0 330 2.10698481E-09   1.00126229E-07   4.04388558E-08   9.87608928E-09   3.64514530E-09   5.65718472E-10   1.25137433E-07   1.26897278E+01   4.60428095E+00   2.08268911E-01   1.10595904E-01   1.26062384E+01   4.57980299E+00   -3.02903861E-01   1.11571617E-01   1.67675114E+00   2.29375250E+06   1.27968388E+01   1.67711306E+00   2.29329925E+06   1.27610273E+01 
0 340 2.10396101E-09   9.47787413E-08   3.81750382E-08   9.42912237E-09   3.49349794E-09   5.53582069E-10   1.14630012E-07   1.26962566E+01   4.59843445E+00   2.06701711E-01   1.10567749E-01   1.26053524E+01   4.57981157E+00   -3.02532256E-01   1.11582942E-01   1.67668581E+00   2.29383075E+06   1.28030233E+01   1.67712104E+00   2.29328875E+06   1.27601986E+01 
0 350 2.11849760E-09   8.95814836E-08   3.60527643E-08   9.01824571E-09   3.52525498E-09   5.41565237E-10   1.04917817E-07   1.27010412E+01   4.59401894E+00   2.04679251E-01   1.10548556E-01   1.26043415E+01   4.57980013E+00   -3.02156836E-01   1.11594945E-01   1.67662477E+00   2.29390300E+06   1.28087215E+01   1.67712951E+00   2.29327775E+06   1.27593317E+01 
0 360 2.15079088E-09   8.45006980E-08   3.40748869E-08   8.57980709E-09   3.63845087E-09   5.29661703E-10   9.59869837E-08   1.27037449E+01   4.59096050E+00   2.02643186E-01   1.10541008E-01   1.26032953E+01   4.57973480E+00   -3.01832825E-01   1.11607067E-01   1.67657387E+00   2.29396250E+06   1.28134308E+01   1.67713785E+00   2.29326675E+06   1.27584610E+01 
0 370 2.15357066E-09   7.96151198E-08   3.22426921E-08   8.19593371E-09   3.56168828E-09   5.17920207E-10   8.77969057E-08   1.27041388E+01   4.58907938E+00   2.00766683E-01   1.10547438E-01   1.26023407E+01   4.57961512E+00   -3.01639885E-01   1.11618310E-01   1.67653823E+00   2.29400400E+06   1.28166933E+01   1.67714548E+00   2.29325675E+06   1.27576733E+01 
0 380 2.10303774E-09   7.50283178E-08   3.05628980E-08   7.90575605E-09   3.24680816E-09   5.06328757E-10   8.02638525E-08   1.27022581E+01   4.58816719E+00   1.99017569E-01   1.10568322E-01   1.26015797E+01   4.57948494E+00   -3.01630378E-01   1.11627765E-01   1.67652071E+00   2.29402425E+06   1.28182964E+01   1.67715132E+00   2.29324900E+06   1.27570639E+01 
0 390 2.01807548E-09   7.07841323E-08   2.90124369E-08   7.64583330E-09   2.88991631E-09   4.94880692E-10   7.33359045E-08   1.26984186E+01   4.58804512E+00   1.97345331E-01   1.10601820E-01   1.26010466E+01   4.57941103E+00   -3.01769793E-01   1.11634962E-01   1.67652035E+00   2.29402450E+06   1.28183270E+01   1.67715502E+00   2.29324425E+06   1.27566824E+01 
0 400 1.92737803E-09   6.68651055E-08   2.75487633E-08   7.33901606E-09   2.68445066E-09   4.83584728E-10   6.70422367E-08   1.26931305E+01   4.58858013E+00   1.95796862E-01   1.10644355E-01   1.26007061E+01   4.57943106E+00   -3.01954329E-01   1.11640118E-01   1.67653394E+00   2.29400900E+06   1.28170900E+01   1.67715669E+00   2.29324200E+06   1.27565155E+01 
0 410 1.84198523E-09   6.32325623E-08   2.61505964E-08   6.99209712E-09   2.59458877E-09   4.72450967E-10   6.14552462E-08   1.26869621E+01   4.58967018E+00   1.94515780E-01   1.10691801E-01   1.26004772E+01   4.57953787E+00   -3.02085489E-01   1.11643925E-01   1.67655706E+00   2.29398225E+06   1.28149719E+01   1.67715681E+00   2.29324175E+06   1.27564926E+01 
0 420 1.76200898E-09   5.98521410E-08   2.48360124E-08   6.66608946E-09   2.47855803E-09   4.61506222E-10   5.66113343E-08   1.26804342E+01   4.59121180E+00   1.93669349E-01   1.10740431E-01   1.26002779E+01   4.57969618E+00   -3.02135408E-01   1.11647174E-01   1.67658579E+00   2.29394875E+06   1.28123331E+01   1.67715645E+00   2.29324225E+06   1.27565298E+01 
0 430 1.69733150E-09   5.66898635E-08   2.36274875E-08   6.36875619E-09   2.34309150E-09   4.50770588E-10   5.24300390E-08   1.26739635E+01   4.59306335E+00   1.93329096E-01   1.10787489E-01   1.26000671E+01   4.57987118E+00   -3.02139789E-01   1.11650333E-01   1.67661703E+00   2.29391225E+06   1.28094454E+01   1.67715609E+00   2.29324275E+06   1.27565718E+01 
0 440 1.66212899E-09   5.37058007E-08   2.25195844E-08   6.06455464E-09   2.31985142E-09   4.40244757E-10   4.87504721E-08   1.26678362E+01   4.59503317E+00   1.93455711E-01   1.10831365E-01   1.25998449E+01   4.58005047E+00   -3.02148759E-01   1.11653425E-01   1.67664897E+00   2.29387450E+06   1.28064718E+01   1.67715573E+00   2.29324325E+06   1.27566118E+01 
0 450 1.64903080E-09   5.08797662E-08   2.14857074E-08   5.75372505E-09   2.40830200E-09   4.29953601E-10   4.54582221E-08   1.26622267E+01   4.59690523E+00   1.93923384E-01   1.10871382E-01   1.25996504E+01   4.58024216E+00   -3.02180946E-01   1.11656137E-01   1.67668080E+00   2.29383675E+06   1.28034878E+01   1.67715502E+00   2.29324400E+06   1.27566795E+01 
0 460 1.62813840E-09   4.82267062E-08   2.05117789E-08   5.46990364E-09   2.43390774E-09   4.19891177E-10   4.25415081E-08   1.26572123E+01   4.59849119E+00   1.94574580E-01   1.10907465E-01   1.25995293E+01   4.58046865E+00   -3.02219391E-01   1.11658014E-01   1.67671239E+00   2.29379900E+06   1.28005161E+01   1.67715371E+00   2.29324600E+06   1.27568226E+01 
0 470 1.57829816E-09   4.57714187E-08   1.96011527E-08   5.23261035E-09   2.28629471E-09   4.10073447E-10   4.00008986E-08   1.26528091E+01   4.59967518E+00   1.95278347E-01   1.10939771E-01   1.25995197E+01   4.58075094E+00   -3.02231133E-01   1.11658722E-01   1.67674351E+00   2.29376175E+06   1.27975597E+01   1.67715120E+00   2.29324925E+06   1.27570820E+01 
0 480 1.51025736E-09   4.35171437E-08   1.87570688E-08   5.02126341E-09   2.06362905E-09   4.00512873E-10   3.78146545E-08   1.26489925E+01   4.60041857E+00   1.95973560E-01   1.10968500E-01   1.25996447E+01   4.58110094E+00   -3.02196115E-01   1.11658096E-01   1.67677426E+00   2.29372450E+06   1.27946281E+01   1.67714739E+00   2.29325425E+06   1.27574787E+01 
0 490 1.45265888E-09   4.14384296E-08   1.79707484E-08   4.78808282E-09   1.98973304E-09   3.91194882E-10   3.59541374E-08   1.26457205E+01   4.60074949E+00   1.96669444E-01   1.10993929E-01   1.25999041E+01   4.58152008E+00   -3.02120477E-01   1.11656152E-01   1.67680442E+00   2.29368800E+06   1.27917385E+01   1.67714214E+00   2.29326100E+06   1.27580175E+01 
0 500 1.41761491E-09   3.94995787E-08   1.72292491E-08   4.53689841E-09   2.10210138E-09   3.82143650E-10   3.44206335E-08   1.26429482E+01   4.60074377E+00   1.97412580E-01   1.11016199E-01   1.26002760E+01   4.58199930E+00   -3.02025408E-01   1.11653104E-01   1.67683339E+00   2.29365250E+06   1.27889357E+01   1.67713583E+00   2.29326950E+06   1.27586775E+01 
0 510 1.39168010E-09   3.76690288E-08   1.65253109E-08   4.33174474E-09   2.19047447E-09   3.73368086E-10   3.32040102E-08   1.26406593E+01   4.60049772E+00   1.98243052E-01   1.11035317E-01   1.26007233E+01   4.58252335E+00   -3.01926553E-01   1.11649275E-01   1.67686057E+00   2.29361925E+06   1.27863007E+01   1.67712855E+00   2.29327875E+06   1.27594242E+01 
0 520 1.36424105E-09   3.59208094E-08   1.58579887E-08   4.20326529E-09   2.10353490E-09   3.64832553E-10   3.22150697E-08   1.26388521E+01   4.60011578E+00   1.99160695E-01   1.11051120E-01   1.26012020E+01   4.58307076E+00   -3.01820606E-01   1.11645050E-01   1.67688477E+00   2.29358925E+06   1.27839384E+01   1.67712092E+00   2.29328875E+06   1.27602139E+01 
0 530 1.35009093E-09   3.42370861E-08   1.52237796E-08   4.11512646E-09   1.88820914E-09   3.56502383E-10   3.13129931E-08   1.26375437E+01   4.59969568E+00   2.00118944E-01   1.11063369E-01   1.26016779E+01   4.58362150E+00   -3.01683217E-01   1.11640751E-01   1.67690492E+00   2.29356425E+06   1.27819662E+01   1.67711329E+00   2.29329875E+06   1.27610025E+01 
0 540 1.37360567E-09   3.26188179E-08   1.46183190E-08   4.00145828E-09   1.71959291E-09   3.48360341E-10   3.04013668E-08   1.26367474E+01   4.59931755E+00   2.01041460E-01   1.11071818E-01   1.26021290E+01   4.58416080E+00   -3.01478595E-01   1.11636586E-01   1.67691982E+00   2.29354550E+06   1.27804918E+01   1.67710590E+00   2.29330850E+06   1.27617683E+01 
0 550 1.43615986E-09   3.10899111E-08   1.40453906E-08   3.83260090E-09   1.70336412E-09   3.40419248E-10   2.94912450E-08   1.26364498E+01   4.59903336E+00   2.01847538E-01   1.11076459E-01   1.26025629E+01   4.58468342E+00   -3.01175773E-01   1.11632556E-01   1.67692924E+00   2.29353400E+06   1.27795687E+01   1.67709863E+00   2.29331800E+06   1.27625093E+01 
0 560 1.51117807E-09   2.96806686E-08   1.35129961E-08   3.63386654E-09   1.74431747E-09   3.32711803E-10   2.86775581E-08   1.26365929E+01   4.59886837E+00   2.02473596E-01   1.11077607E-01   1.26030025E+01   4.58519316E+00   -3.00761253E-01   1.11628495E-01   1.67693305E+00   2.29352900E+06   1.27791862E+01   1.67709136E+00   2.29332725E+06   1.27632513E+01 
0 570 1.56912017E-09   2.84042923E-08   1.30223539E-08   3.44315110E-09   1.70335468E-09   3.25253352E-10   2.80388051E-08   1.26370764E+01   4.59882259E+00   2.02887937E-01   1.11075945E-01   1.26034870E+01   4.58570290E+00   -3.00244659E-01   1.11624129E-01   1.67693233E+00   2.29353000E+06   1.27792606E+01   1.67708373E+00   2.29333725E+06   1.27640362E+01 
0 580 1.59666658E-09   2.72462017E-08   1.25659030E-08   3.27369065E-09   1.55255075E-09   3.18050281E-10   2.75776930E-08   1.26377735E+01   4.59887600E+00   2.03095987E-01   1.11072369E-01   1.26040564E+01   4.58622551E+00   -2.99659491E-01   1.11619160E-01   1.67692828E+00   2.29353500E+06   1.27796640E+01   1.67707515E+00   2.29334825E+06   1.27649145E+01 
0 590 1.59627744E-09   2.61774105E-08   1.21305241E-08   3.11026049E-09   1.37822032E-09   3.11099896E-10   2.72515237E-08   1.26385555E+01   4.59900331E+00   2.03133777E-01   1.11067854E-01   1.26047401E+01   4.58677101E+00   -2.99057275E-01   1.11613341E-01   1.67692232E+00   2.29354250E+06   1.27802486E+01   1.67706525E+00   2.29336125E+06   1.27659273E+01 
0 600 1.57477520E-09   2.51711025E-08   1.17065735E-08   2.93762881E-09   1.29298505E-09   3.04387821E-10   2.69869584E-08   1.26393137E+01   4.59917879E+00   2.03057155E-01   1.11063212E-01   1.26055489E+01   4.58734226E+00   -2.98493713E-01   1.11606590E-01   1.67691588E+00   2.29355050E+06   1.27808857E+01   1.67705369E+00   2.29337600E+06   1.27670965E+01 
0 610 1.53436153E-09   2.42071430E-08   1.12922685E-08   2.76725198E-09   1.30687583E-09   2.97892599E-10   2.67064770E-08   1.26399784E+01   4.59938765E+00   2.02921107E-01   1.11058995E-01   1.26064615E+01   4.58793640E+00   -2.98017442E-01   1.11599028E-01   1.67690980E+00   2.29355825E+06   1.27814884E+01   1.67704070E+00   2.29339275E+06   1.27684126E+01 
0 620 1.47311952E-09   2.32726727E-08   1.08940252E-08   2.63037059E-09   1.32856515E-09   2.91593388E-10   2.63482125E-08   1.26405277E+01   4.59962463E+00   2.02765837E-01   1.11055396E-01   1.26074305E+01   4.58854246E+00   -2.97660917E-01   1.11591011E-01   1.67690432E+00   2.29356500E+06   1.27820234E+01   1.67702675E+00   2.29341075E+06   1.27698326E+01 
0 630 1.39231426E-09   2.23624816E-08   1.05197193E-08   2.54643839E-09   1.29567301E-09   2.85476337E-10   2.58788546E-08   1.26409817E+01   4.59989214E+00   2.02616438E-01   1.11052282E-01   1.26083860E+01   4.58914614E+00   -2.97435701E-01   1.11583039E-01   1.67689931E+00   2.29357125E+06   1.27825089E+01   1.67701221E+00   2.29342900E+06   1.27712879E+01 
0 640 1.30226285E-09   2.14789466E-08   1.01719522E-08   2.50144283E-09   1.22937971E-09   2.79539086E-10   2.53044377E-08   1.26413889E+01   4.60019541E+00   2.02485397E-01   1.11049294E-01   1.26092615E+01   4.58972979E+00   -2.97330111E-01   1.11575618E-01   1.67689443E+00   2.29357725E+06   1.27829943E+01   1.67699814E+00   2.29344700E+06   1.27727051E+01 
0 650 1.22088539E-09   2.06327098E-08   9.84761961E-09   2.45943621E-09   1.19628596E-09   2.73791378E-10   2.46718237E-08   1.26418047E+01   4.60053396E+00   2.02382505E-01   1.11046039E-01   1.26100082E+01   4.59027815E+00   -2.97311425E-01   1.11569159E-01   1.67688894E+00   2.29358425E+06   1.27835369E+01   1.67698503E+00   2.29346375E+06   1.27740231E+01 
0 660 1.16497534E-09   1.98359746E-08   9.54186685E-09   2.39098408E-09   1.22761212E-09   2.68248174E-10   2.40485338E-08   1.26422739E+01   4.60090017E+00   2.02314943E-01   1.11042194E-01   1.26106062E+01   4.59078074E+00   -2.97336489E-01   1.11563817E-01   1.67688227E+00   2.29359225E+06   1.27841787E+01   1.67697310E+00   2.29347875E+06   1.27752056E+01 
0 670 1.14043486E-09   1.90963600E-08   9.25006116E-09   2.28760677E-09   1.27859423E-09   2.62922184E-10   2.34977424E-08   1.26428185E+01   4.60127974E+00   2.02288374E-01   1.11037649E-01   1.26110697E+01   4.59123421E+00   -2.97366798E-01   1.11559555E-01   1.67687464E+00   2.29360175E+06   1.27849360E+01   1.67696261E+00   2.29349200E+06   1.27762508E+01 
0 680 1.14042442E-09   1.84128108E-08   8.96714702E-09   2.16115548E-09   1.28189337E-09   2.57820015E-10   2.30538646E-08   1.26434326E+01   4.60165501E+00   2.02306703E-01   1.11032456E-01   1.26114349E+01   4.59164238E+00   -2.97378272E-01   1.11556135E-01   1.67686582E+00   2.29361275E+06   1.27857933E+01   1.67695332E+00   2.29350375E+06   1.27771835E+01 
0 690 1.15268550E-09   1.77767490E-08   8.68817551E-09   2.02803685E-09   1.20567822E-09   2.52938087E-10   2.27103989E-08   1.26440945E+01   4.60201216E+00   2.02365100E-01   1.11026816E-01   1.26117506E+01   4.59201288E+00   -2.97365844E-01   1.11553214E-01   1.67685640E+00   2.29362425E+06   1.27867136E+01   1.67694461E+00   2.29351475E+06   1.27780476E+01 
0 700 1.16768517E-09   1.71751431E-08   8.41045900E-09   1.90005589E-09   1.06684417E-09   2.48262882E-10   2.24270931E-08   1.26447697E+01   4.60234404E+00   2.02454939E-01   1.11020997E-01   1.26120634E+01   4.59235620E+00   -2.97341734E-01   1.11550465E-01   1.67684662E+00   2.29363625E+06   1.27876539E+01   1.67693615E+00   2.29352525E+06   1.27788877E+01 
0 710 1.18012500E-09   1.65947132E-08   8.13365730E-09   1.78739801E-09   9.17491694E-10   2.43777248E-10   2.21484662E-08   1.26454268E+01   4.60265112E+00   2.02567369E-01   1.11015223E-01   1.26124086E+01   4.59267664E+00   -2.97327667E-01   1.11547627E-01   1.67683721E+00   2.29364800E+06   1.27885723E+01   1.67692745E+00   2.29353600E+06   1.27797432E+01 
0 720 1.18664911E-09   1.60265685E-08   7.85953791E-09   1.69765924E-09   8.14280254E-10   2.39463671E-10   2.18254321E-08   1.26460438E+01   4.60294056E+00   2.02695251E-01   1.11009628E-01   1.26127996E+01   4.59297323E+00   -2.97347754E-01   1.11544602E-01   1.67682827E+00   2.29365900E+06   1.27894430E+01   1.67691851E+00   2.29354725E+06   1.27806311E+01 
0 730 1.18396259E-09   1.54666431E-08   7.59036745E-09   1.63669667E-09   7.75383979E-10   2.35308578E-10   2.14291145E-08   1.26466150E+01   4.60322189E+00   2.02831149E-01   1.11004241E-01   1.26132317E+01   4.59324217E+00   -2.97417998E-01   1.11541428E-01   1.67681980E+00   2.29366925E+06   1.27902555E+01   1.67690921E+00   2.29355900E+06   1.27815466E+01 
0 740 1.16922605E-09   1.49157096E-08   7.32894190E-09   1.60513292E-09   7.68554997E-10   2.31304642E-10   2.09557012E-08   1.26471472E+01   4.60350323E+00   2.02965543E-01   1.10998981E-01   1.26136808E+01   4.59347534E+00   -2.97548175E-01   1.11538261E-01   1.67681193E+00   2.29367900E+06   1.27910204E+01   1.67689979E+00   2.29357050E+06   1.27824688E+01 
0 750 1.14202281E-09   1.43776688E-08   7.07496683E-09   1.59614477E-09   7.57530316E-10   2.27447686E-10   2.04205346E-08   1.26476612E+01   4.60378981E+00   2.03088686E-01   1.10993691E-01   1.26141167E+01   4.59366703E+00   -2.97740102E-01   1.11535318E-01   1.67680418E+00   2.29368825E+06   1.27917576E+01   1.67689061E+00   2.29358200E+06   1.27833633E+01 
0 760 1.10573350E-09   1.38582870E-08   6.82628309E-09   1.59298807E-09   7.35284111E-10   2.23735017E-10   1.98498444E-08   1.26481810E+01   4.60408163E+00   2.03194499E-01   1.10988200E-01   1.26145115E+01   4.59381294E+00   -2.97987878E-01   1.11532792E-01   1.67679656E+00   2.29369750E+06   1.27924929E+01   1.67688215E+00   2.29359250E+06   1.27841969E+01 
0 770 1.06672149E-09   1.33628228E-08   6.58091315E-09   1.57546565E-09   7.17076565E-10   2.20167357E-10   1.92732426E-08   1.26487246E+01   4.60437489E+00   2.03283340E-01   1.10982373E-01   1.26148434E+01   4.59391165E+00   -2.98278004E-01   1.11530818E-01   1.67678869E+00   2.29370700E+06   1.27932491E+01   1.67687452E+00   2.29360200E+06   1.27849407E+01 
0 780 1.03162923E-09   1.28951081E-08   6.33770547E-09   1.53106949E-09   7.14689197E-10   2.16743859E-10   1.87173743E-08   1.26493044E+01   4.60466242E+00   2.03360319E-01   1.10976152E-01   1.26151066E+01   4.59396410E+00   -2.98590422E-01   1.11529432E-01   1.67678046E+00   2.29371700E+06   1.27940359E+01   1.67686796E+00   2.29361000E+06   1.27855825E+01 
0 790 1.00449593E-09   1.24562636E-08   6.09761575E-09   1.46072787E-09   7.18794468E-10   2.13462123E-10   1.81958413E-08   1.26499186E+01   4.60493946E+00   2.03431770E-01   1.10969566E-01   1.26153097E+01   4.59397554E+00   -2.98904419E-01   1.11528568E-01   1.67677200E+00   2.29372750E+06   1.27948523E+01   1.67686236E+00   2.29361700E+06   1.27861242E+01 
0 800 9.85837856E-10   1.20441852E-08   5.86252780E-09   1.37578837E-09   7.08183068E-10   2.10315973E-10   1.77103026E-08   1.26505585E+01   4.60519934E+00   2.03502804E-01   1.10962681E-01   1.26154718E+01   4.59395361E+00   -2.99203873E-01   1.11528069E-01   1.67676318E+00   2.29373800E+06   1.27956915E+01   1.67685771E+00   2.29362275E+06   1.27865801E+01 
0 810 9.73923608E-10   1.16548931E-08   5.63497160E-09   1.28952804E-09   6.69975797E-10   2.07298456E-10   1.72511552E-08   1.26512127E+01   4.60544014E+00   2.03576162E-01   1.10955611E-01   1.26156158E+01   4.59390640E+00   -2.99479663E-01   1.11527756E-01   1.67675424E+00   2.29374875E+06   1.27965393E+01   1.67685366E+00   2.29362775E+06   1.27869740E+01 
0 820 9.66622782E-10   1.12830048E-08   5.41659739E-09   1.21138632E-09   6.08864903E-10   2.04401607E-10   1.68041296E-08   1.26518688E+01   4.60566044E+00   2.03652322E-01   1.10948466E-01   1.26157646E+01   4.59384060E+00   -2.99728721E-01   1.11527458E-01   1.67674541E+00   2.29375950E+06   1.27973824E+01   1.67684996E+00   2.29363225E+06   1.27873316E+01 
0 830 9.62034452E-10   1.09239462E-08   5.20797316E-09   1.14586218E-09   5.44232492E-10   2.01618944E-10   1.63586868E-08   1.26525183E+01   4.60586023E+00   2.03730285E-01   1.10941298E-01   1.26159344E+01   4.59376192E+00   -2.99952239E-01   1.11527063E-01   1.67673671E+00   2.29377000E+06   1.27982130E+01   1.67684650E+00   2.29363650E+06   1.27876730E+01 
0 840 9.58201740E-10   1.05749267E-08   5.00858688E-09   1.09393861E-09   4.98725450E-10   1.98946096E-10   1.59084887E-08   1.26531572E+01   4.60604334E+00   2.03807428E-01   1.10934153E-01   1.26161289E+01   4.59367323E+00   -3.00154269E-01   1.11526504E-01   1.67672813E+00   2.29378025E+06   1.27990265E+01   1.67684305E+00   2.29364075E+06   1.27880096E+01 
0 850 9.52618207E-10   1.02349293E-08   4.81699036E-09   1.05514864E-09   4.81304774E-10   1.96378913E-10   1.54529598E-08   1.26537857E+01   4.60621262E+00   2.03878611E-01   1.10927030E-01   1.26163454E+01   4.59357548E+00   -3.00340593E-01   1.11525819E-01   1.67671967E+00   2.29379025E+06   1.27998247E+01   1.67683959E+00   2.29364500E+06   1.27883444E+01 
0 860 9.42477874E-10   9.90418947E-09   4.63186600E-09   1.02897069E-09   4.80678108E-10   1.93914537E-10   1.49974699E-08   1.26544056E+01   4.60637236E+00   2.03936055E-01   1.10919908E-01   1.26165724E+01   4.59347057E+00   -3.00517112E-01   1.11525074E-01   1.67671132E+00   2.29380025E+06   1.28006124E+01   1.67683625E+00   2.29364925E+06   1.27886696E+01 
0 870 9.25558463E-10   9.58359081E-09   4.45282389E-09   1.01446873E-09   4.79525752E-10   1.91549859E-10   1.45496424E-08   1.26550207E+01   4.60652685E+00   2.03970909E-01   1.10912763E-01   1.26167946E+01   4.59335995E+00   -3.00688386E-01   1.11524358E-01   1.67670310E+00   2.29381025E+06   1.28013954E+01   1.67683303E+00   2.29365300E+06   1.27889748E+01 
0 880 9.01081931E-10   9.27402244E-09   4.27937241E-09   1.00883690E-09   4.69717265E-10   1.89279495E-10   1.41156615E-08   1.26556339E+01   4.60667944E+00   2.03975022E-01   1.10905573E-01   1.26169977E+01   4.59324551E+00   -3.00857335E-01   1.11523755E-01   1.67669475E+00   2.29382025E+06   1.28021784E+01   1.67683017E+00   2.29365650E+06   1.27892494E+01 
0 890 8.70074235E-10   8.97550567E-09   4.11154666E-09   1.00627240E-09   4.55393501E-10   1.87097629E-10   1.36978775E-08   1.26562433E+01   4.60683203E+00   2.03943655E-01   1.10898338E-01   1.26171741E+01   4.59313154E+00   -3.01024586E-01   1.11523293E-01   1.67668641E+00   2.29383000E+06   1.28029613E+01   1.67682779E+00   2.29365950E+06   1.27894840E+01 
0 900 8.34996960E-10   8.68705019E-09   3.95004607E-09   9.99593852E-10   4.46708032E-10   1.84998766E-10   1.32963738E-08   1.26568460E+01   4.60698557E+00   2.03876644E-01   1.10891089E-01   1.26173210E+01   4.59302044E+00   -3.01188827E-01   1.11522987E-01   1.67667806E+00   2.29384000E+06   1.28037443E+01   1.67682576E+00   2.29366200E+06   1.27896776E+01 
0 910 7.99080357E-10   8.40765502E-09   3.79601817E-09   9.83321424E-10   4.50188609E-10   1.82977578E-10   1.29098119E-08   1.26574373E+01   4.60714006E+00   2.03777894E-01   1.10883869E-01   1.26174402E+01   4.59291601E+00   -3.01347762E-01   1.11522801E-01   1.67666984E+00   2.29384975E+06   1.28045187E+01   1.67682421E+00   2.29366375E+06   1.27898312E+01 
0 920 7.65563890E-10   8.13651901E-09   3.64968433E-09   9.55132418E-10   4.62725913E-10   1.81029330E-10   1.25363027E-08   1.26580095E+01   4.60729361E+00   2.03654185E-01   1.10876746E-01   1.26175394E+01   4.59281969E+00   -3.01498443E-01   1.11522667E-01   1.67666173E+00   2.29385950E+06   1.28052769E+01   1.67682290E+00   2.29366550E+06   1.27899532E+01 
0 930 7.37116590E-10   7.87386956E-09   3.51125840E-09   9.15610698E-10   4.74811357E-10   1.79151569E-10   1.21754393E-08   1.26585579E+01   4.60744476E+00   2.03513771E-01   1.10869765E-01   1.26176252E+01   4.59273195E+00   -3.01637977E-01   1.11522533E-01   1.67665386E+00   2.29386875E+06   1.28060122E+01   1.67682195E+00   2.29366650E+06   1.27900505E+01 
0 940 7.15432102E-10   7.62031416E-09   3.38041484E-09   8.67652727E-10   4.76960416E-10   1.77343695E-10   1.18276660E-08   1.26590786E+01   4.60759211E+00   2.03365296E-01   1.10862978E-01   1.26177063E+01   4.59265327E+00   -3.01763684E-01   1.11522354E-01   1.67664635E+00   2.29387775E+06   1.28067188E+01   1.67682111E+00   2.29366775E+06   1.27901316E+01 
0 950 7.00951186E-10   7.37626493E-09   3.25616800E-09   8.16260948E-10   4.63061700E-10   1.75604725E-10   1.14934515E-08   1.26595726E+01   4.60773420E+00   2.03215063E-01   1.10856384E-01   1.26177845E+01   4.59258127E+00   -3.01872939E-01   1.11522101E-01   1.67663908E+00   2.29388625E+06   1.28073940E+01   1.67682040E+00   2.29366850E+06   1.27902012E+01 
0 960 6.92805535E-10   7.14146964E-09   3.13722759E-09   7.67446162E-10   4.31831015E-10   1.73932729E-10   1.11731131E-08   1.26600409E+01   4.60786963E+00   2.03069642E-01   1.10849977E-01   1.26178627E+01   4.59251356E+00   -3.01963866E-01   1.11521788E-01   1.67663217E+00   2.29389425E+06   1.28080397E+01   1.67681968E+00   2.29366925E+06   1.27902622E+01 
0 970 6.89031776E-10   6.91545221E-09   3.02219627E-09   7.26325833E-10   3.87473775E-10   1.72325626E-10   1.08662963E-08   1.26604891E+01   4.60799885E+00   2.02933446E-01   1.10843748E-01   1.26179399E+01   4.59244919E+00   -3.02035689E-01   1.11521408E-01   1.67662549E+00   2.29390225E+06   1.28086586E+01   1.67681921E+00   2.29367000E+06   1.27903156E+01 
0 980 6.87018942E-10   6.69710731E-09   2.90999114E-09   6.95724089E-10   3.39759110E-10   1.70780390E-10   1.05709992E-08   1.26609201E+01   4.60812235E+00   2.02807024E-01   1.10837676E-01   1.26180134E+01   4.59238672E+00   -3.02089095E-01   1.11521006E-01   1.67661905E+00   2.29390975E+06   1.28092546E+01   1.67681873E+00   2.29367050E+06   1.27903614E+01 
0 990 6.84014567E-10   6.48464837E-09   2.80017942E-09   6.75433376E-10   3.02169484E-10   1.69292302E-10   1.02843529E-08   1.26613407E+01   4.60824108E+00   2.02687904E-01   1.10831723E-01   1.26180820E+01   4.59232569E+00   -3.02126288E-01   1.11520581E-01   1.67661285E+00   2.29391700E+06   1.28098335E+01   1.67681837E+00   2.29367100E+06   1.27903986E+01 
0 1000 6.77617740E-10   6.27641894E-09   2.69280132E-09   6.63816335E-10   2.85307472E-10   1.67855327E-10   1.00022461E-08   1.26617527E+01   4.60835552E+00   2.02571765E-01   1.10825881E-01   1.26181431E+01   4.59226751E+00   -3.02150995E-01   1.11520149E-01   1.67660666E+00   2.29392425E+06   1.28103981E+01   1.67681801E+00   2.29367125E+06   1.27904253E+01 
0 1010 6.66169120E-10   6.07115913E-09   2.58834687E-09   6.59314325E-10   2.88293500E-10   1.66464301E-10   9.72126823E-09   1.26621561E+01   4.60846758E+00   2.02453896E-01   1.10820137E-01   1.26181974E+01   4.59221315E+00   -3.02167922E-01   1.11519702E-01   1.67660069E+00   2.29393125E+06   1.28109493E+01   1.67681789E+00   2.29367150E+06   1.27904444E+01 
0 1020 6.48993914E-10   5.86835025E-09   2.48749932E-09   6.60322408E-10   2.99837544E-10   1.65115130E-10   9.43997591E-09   1.26625519E+01   4.60857677E+00   2.02330187E-01   1.10814482E-01   1.26182461E+01   4.59216404E+00   -3.02181929E-01   1.11519225E-01   1.67659497E+00   2.29393800E+06   1.28114872E+01   1.67681777E+00   2.29367175E+06   1.27904558E+01 
0 1030 6.26493413E-10   5.66848035E-09   2.39086084E-09   6.64663546E-10   3.08552156E-10   1.63803721E-10   9.15859566E-09   1.26629391E+01   4.60868311E+00   2.02198014E-01   1.10808924E-01   1.26182919E+01   4.59212208E+00   -3.02197248E-01   1.11518688E-01   1.67658925E+00   2.29394450E+06   1.28120079E+01   1.67681766E+00   2.29367175E+06   1.27904644E+01 
0 1040 6.00110184E-10   5.47266898E-09   2.29874852E-09   6.68421707E-10   3.09256704E-10   1.62526922E-10   8.87983109E-09   1.26633139E+01   4.60878515E+00   2.02056468E-01   1.10803477E-01   1.26183376E+01   4.59208727E+00   -3.02216887E-01   1.11518063E-01   1.67658389E+00   2.29395100E+06   1.28125105E+01   1.67681754E+00   2.29367200E+06   1.27904720E+01 
0 1050 5.72107306E-10   5.28261479E-09   2.21112528E-09   6.67042199E-10   3.02940395E-10   1.61283403E-10   8.60754845E-09   1.26636753E+01   4.60888100E+00   2.01906651E-01   1.10798165E-01   1.26183853E+01   4.59205961E+00   -3.02242041E-01   1.11517332E-01   1.67657864E+00   2.29395700E+06   1.28129892E+01   1.67681742E+00   2.29367200E+06   1.27904806E+01 
0 1060 5.45149537E-10   5.09972198E-09   2.12770601E-09   6.56351473E-10   2.93904984E-10   1.60072414E-10   8.34587510E-09   1.26640215E+01   4.60896873E+00   2.01751485E-01   1.10792994E-01   1.26184349E+01   4.59203815E+00   -3.02272290E-01   1.11516491E-01   1.67657375E+00   2.29396275E+06   1.28134413E+01   1.67681742E+00   2.29367225E+06   1.27904911E+01 
0 1070 5.21674592E-10   4.92559327E-09   2.04796091E-09   6.34105157E-10   2.86032392E-10   1.58893093E-10   8.09866663E-09   1.26643496E+01   4.60904694E+00   2.01595575E-01   1.10787988E-01   1.26184864E+01   4.59202147E+00   -3.02305609E-01   1.11515552E-01   1.67656910E+00   2.29396800E+06   1.28138647E+01   1.67681718E+00   2.29367225E+06   1.27905035E+01 
0 1080 5.03245723E-10   4.76070294E-09   1.97147387E-09   6.01477423E-10   2.79349321E-10   1.57745081E-10   7.86810528E-09   1.26646595E+01   4.60911512E+00   2.01444536E-01   1.10783137E-01   1.26185369E+01   4.59200811E+00   -3.02338928E-01   1.11514524E-01   1.67656481E+00   2.29397300E+06   1.28142586E+01   1.67681718E+00   2.29367250E+06   1.27905140E+01 
0 1090 4.90128105E-10   4.60483518E-09   1.89807148E-09   5.63183555E-10   2.70160672E-10   1.56628613E-10   7.65390595E-09   1.26649523E+01   4.60917282E+00   2.01304078E-01   1.10778451E-01   1.26185856E+01   4.59199572E+00   -3.02368999E-01   1.11513428E-01   1.67656088E+00   2.29397775E+06   1.28146219E+01   1.67681706E+00   2.29367250E+06   1.27905226E+01 
0 1100 4.81322260E-10   4.45693749E-09   1.82738902E-09   5.25737232E-10   2.54405136E-10   1.55543536E-10   7.45370343E-09   1.26652269E+01   4.60922098E+00   2.01178864E-01   1.10773928E-01   1.26186295E+01   4.59198380E+00   -3.02393019E-01   1.11512296E-01   1.67655718E+00   2.29398200E+06   1.28149567E+01   1.67681706E+00   2.29367275E+06   1.27905254E+01 
0 1110 4.75070927E-10   4.31531166E-09   1.75916404E-09   4.95021468E-10   2.31251518E-10   1.54488561E-10   7.26329885E-09   1.26654854E+01   4.60926151E+00   2.01071724E-01   1.10769540E-01   1.26186695E+01   4.59197187E+00   -3.02409291E-01   1.11511126E-01   1.67655385E+00   2.29398575E+06   1.28152657E+01   1.67681706E+00   2.29367250E+06   1.27905235E+01 
0 1120 4.69425943E-10   4.17829771E-09   1.69309855E-09   4.73798167E-10   2.05023720E-10   1.53461702E-10   7.07846182E-09   1.26657314E+01   4.60929680E+00   2.00983107E-01   1.10765286E-01   1.26187048E+01   4.59196043E+00   -3.02417427E-01   1.11509927E-01   1.67655075E+00   2.29398950E+06   1.28155527E+01   1.67681706E+00   2.29367250E+06   1.27905169E+01 
0 1130 4.62674482E-10   4.04416811E-09   1.62902336E-09   4.61281041E-10   1.83897370E-10   1.52460697E-10   6.89548552E-09   1.26659651E+01   4.60932875E+00   2.00911164E-01   1.10761121E-01   1.26187372E+01   4.59194994E+00   -3.02418351E-01   1.11508690E-01   1.67654777E+00   2.29399300E+06   1.28158226E+01   1.67681718E+00   2.29367250E+06   1.27905064E+01 
0 1140 4.53560106E-10   3.91212618E-09   1.56692814E-09   4.55111560E-10   1.75124998E-10   1.51482896E-10   6.71209710E-09   1.26661911E+01   4.60936069E+00   2.00852364E-01   1.10757023E-01   1.26187677E+01   4.59194183E+00   -3.02413732E-01   1.11507393E-01   1.67654502E+00   2.29399625E+06   1.28160782E+01   1.67681730E+00   2.29367225E+06   1.27904940E+01 
0 1150 4.41367581E-10   3.78207732E-09   1.50717261E-09   4.53011323E-10   1.78266596E-10   1.50525481E-10   6.52803145E-09   1.26664124E+01   4.60939360E+00   2.00802192E-01   1.10752963E-01   1.26187992E+01   4.59193754E+00   -3.02405745E-01   1.11506037E-01   1.67654228E+00   2.29399925E+06   1.28163252E+01   1.67681742E+00   2.29367200E+06   1.27904835E+01 
0 1160 4.25986191E-10   3.65448916E-09   1.45022827E-09   4.53009158E-10   1.85839399E-10   1.49586510E-10   6.34496455E-09   1.26666288E+01   4.60942888E+00   2.00755924E-01   1.10748924E-01   1.26188326E+01   4.59193754E+00   -3.02396446E-01   1.11504585E-01   1.67653966E+00   2.29400225E+06   1.28165636E+01   1.67681754E+00   2.29367200E+06   1.27904758E+01 
0 1170 4.07955669E-10   3.53016816E-09   1.39640322E-09   4.53305449E-10   1.90854180E-10   1.48664817E-10   6.16561913E-09   1.26668415E+01   4.60946655E+00   2.00709388E-01   1.10744886E-01   1.26188688E+01   4.59194231E+00   -3.02387714E-01   1.11503042E-01   1.67653716E+00   2.29400525E+06   1.28167963E+01   1.67681754E+00   2.29367200E+06   1.27904739E+01 
0 1180 3.88452992E-10   3.41051365E-09   1.34578648E-09   4.51461118E-10   1.90899352E-10   1.47759693E-10   5.99341154E-09   1.26670504E+01   4.60950613E+00   2.00659677E-01   1.10740863E-01   1.26189089E+01   4.59195232E+00   -3.02380800E-01   1.11501388E-01   1.67653465E+00   2.29400800E+06   1.28170214E+01   1.67681754E+00   2.29367200E+06   1.27904778E+01 
0 1190 3.69070163E-10   3.29652927E-09   1.29802258E-09   4.44896509E-10   1.87574414E-10   1.46870682E-10   5.83154147E-09   1.26672525E+01   4.60954618E+00   2.00605601E-01   1.10736847E-01   1.26189537E+01   4.59196568E+00   -3.02376449E-01   1.11499630E-01   1.67653227E+00   2.29401075E+06   1.28172359E+01   1.67681742E+00   2.29367225E+06   1.27904892E+01 
0 1200 3.51436213E-10   3.18864957E-09   1.25252342E-09   4.32159447E-10   1.83686164E-10   1.45997547E-10   5.68181768E-09   1.26674461E+01   4.60958529E+00   2.00547799E-01   1.10732876E-01   1.26190004E+01   4.59198236E+00   -3.02374780E-01   1.11497767E-01   1.67653012E+00   2.29401325E+06   1.28174381E+01   1.67681718E+00   2.29367225E+06   1.27905054E+01 
0 1210 3.36741413E-10   3.08712123E-09   1.20887889E-09   4.13681894E-10   1.80314055E-10   1.45140067E-10   5.54430102E-09   1.26676292E+01   4.60962296E+00   2.00488538E-01   1.10728949E-01   1.26190500E+01   4.59200048E+00   -3.02375525E-01   1.11495830E-01   1.67652810E+00   2.29401575E+06   1.28176250E+01   1.67681706E+00   2.29367250E+06   1.27905245E+01 
0 1220 3.25381000E-10   2.99210279E-09   1.16687049E-09   3.91787852E-10   1.75961967E-10   1.44297976E-10   5.41738876E-09   1.26677971E+01   4.60965729E+00   2.00431049E-01   1.10725105E-01   1.26190987E+01   4.59201813E+00   -3.02378088E-01   1.11493818E-01   1.67652619E+00   2.29401775E+06   1.28177929E+01   1.67681682E+00   2.29367300E+06   1.27905455E+01 
0 1230 3.16914189E-10   2.90263769E-09   1.12637366E-09   3.69986569E-10   1.68067948E-10   1.43470749E-10   5.29819921E-09   1.26679516E+01   4.60968828E+00   2.00378820E-01   1.10721335E-01   1.26191454E+01   4.59203434E+00   -3.02381754E-01   1.11491762E-01   1.67652464E+00   2.29401975E+06   1.28179417E+01   1.67681658E+00   2.29367325E+06   1.27905664E+01 
0 1240 3.10320269E-10   2.81752910E-09   1.08736720E-09   3.51486895E-10   1.55586544E-10   1.42657858E-10   5.18364107E-09   1.26680908E+01   4.60971594E+00   2.00334817E-01   1.10717647E-01   1.26191902E+01   4.59204865E+00   -3.02385718E-01   1.11489676E-01   1.67652321E+00   2.29402150E+06   1.28180723E+01   1.67681634E+00   2.29367325E+06   1.27905846E+01 
0 1250 3.04392872E-10   2.73570255E-09   1.04988285E-09   3.38098938E-10   1.40500583E-10   1.41858705E-10   5.07112752E-09   1.26682177E+01   4.60974169E+00   2.00301006E-01   1.10714033E-01   1.26192303E+01   4.59206009E+00   -3.02389205E-01   1.11487560E-01   1.67652190E+00   2.29402275E+06   1.28181877E+01   1.67681623E+00   2.29367350E+06   1.27905989E+01 
0 1260 2.98043007E-10   2.65583244E-09   1.01387965E-09   3.29662936E-10   1.27526101E-10   1.41072432E-10   4.95886887E-09   1.26683340E+01   4.60976553E+00   2.00277984E-01   1.10710457E-01   1.26192665E+01   4.59206915E+00   -3.02391469E-01   1.11485429E-01   1.67652071E+00   2.29402425E+06   1.28182917E+01   1.67681611E+00   2.29367375E+06   1.27906094E+01 
0 1270 2.90465707E-10   2.57702193E-09   9.79370696E-10   3.24939936E-10   1.21740243E-10   1.40298009E-10   4.84628693E-09   1.26684437E+01   4.60978937E+00   2.00264886E-01   1.10706903E-01   1.26192989E+01   4.59207630E+00   -3.02391827E-01   1.11483283E-01   1.67651975E+00   2.29402525E+06   1.28183870E+01   1.67681611E+00   2.29367375E+06   1.27906160E+01 
0 1280 2.81191403E-10   2.49900256E-09   9.46514755E-10   3.22463584E-10   1.24239660E-10   1.39534481E-10   4.73398432E-09   1.26685495E+01   4.60981417E+00   2.00259686E-01   1.10703334E-01   1.26193275E+01   4.59208298E+00   -3.02389830E-01   1.11481115E-01   1.67651868E+00   2.29402650E+06   1.28184786E+01   1.67681599E+00   2.29367375E+06   1.27906199E+01 
0 1290 2.70110323E-10   2.42212916E-09   9.15616194E-10   3.20898086E-10   1.31131925E-10   1.38781001E-10   4.62354022E-09   1.26686544E+01   4.60984087E+00   2.00259492E-01   1.10699743E-01   1.26193552E+01   4.59208918E+00   -3.02385420E-01   1.11478910E-01   1.67651772E+00   2.29402775E+06   1.28185701E+01   1.67681599E+00   2.29367375E+06   1.27906218E+01 
0 1300 2.57467575E-10   2.34703523E-09   8.86706431E-10   3.19185040E-10   1.37227466E-10   1.38036901E-10   4.51704407E-09   1.26687584E+01   4.60986948E+00   2.00261086E-01   1.10696100E-01   1.26193829E+01   4.59209585E+00   -3.02378982E-01   1.11476660E-01   1.67651665E+00   2.29402875E+06   1.28186617E+01   1.67681599E+00   2.29367400E+06   1.27906246E+01 
0 1310 2.43860349E-10   2.27446684E-09   8.59593230E-10   3.16291215E-10   1.39461831E-10   1.37301587E-10   4.41642811E-09   1.26688633E+01   4.60990047E+00   2.00261518E-01   1.10692404E-01   1.26194115E+01   4.59210396E+00   -3.02371234E-01   1.11474358E-01   1.67651570E+00   2.29403000E+06   1.28187542E+01   1.67681587E+00   2.29367400E+06   1.27906303E+01 
0 1320 2.30148858E-10   2.20533503E-09   8.33917491E-10   3.11196041E-10   1.37492809E-10   1.36574654E-10   4.32306679E-09   1.26689663E+01   4.60993338E+00   2.00258583E-01   1.10688671E-01   1.26194429E+01   4.59211302E+00   -3.02363306E-01   1.11471996E-01   1.67651463E+00   2.29403125E+06   1.28188448E+01   1.67681587E+00   2.29367400E+06   1.27906389E+01 
0 1330 2.17263582E-10   2.14029638E-09   8.09249279E-10   3.03432640E-10   1.32713479E-10   1.35855785E-10   4.23726787E-09   1.26690664E+01   4.60996628E+00   2.00251177E-01   1.10684909E-01   1.26194773E+01   4.59212255E+00   -3.02356482E-01   1.11469567E-01   1.67651367E+00   2.29403225E+06   1.28189325E+01   1.67681575E+00   2.29367425E+06   1.27906513E+01 
0 1340 2.05966535E-10   2.07959894E-09   7.85256971E-10   2.93103763E-10   1.27079874E-10   1.35144895E-10   4.15844914E-09   1.26691599E+01   4.60999918E+00   2.00239435E-01   1.10681131E-01   1.26195145E+01   4.59213209E+00   -3.02351892E-01   1.11467086E-01   1.67651284E+00   2.29403325E+06   1.28190136E+01   1.67681551E+00   2.29367450E+06   1.27906675E+01 
0 1350 1.96626632E-10   2.02290451E-09   7.61779584E-10   2.81051599E-10   1.21887875E-10   1.34441819E-10   4.08523482E-09   1.26692467E+01   4.61003065E+00   2.00224623E-01   1.10677361E-01   1.26195536E+01   4.59214115E+00   -3.02350312E-01   1.11464553E-01   1.67651200E+00   2.29403425E+06   1.28190842E+01   1.67681539E+00   2.29367475E+06   1.27906857E+01 
0 1360 1.89141938E-10   1.96977856E-09   7.38870409E-10   2.68618378E-10   1.17336668E-10   1.33746569E-10   4.01597244E-09   1.26693239E+01   4.61005974E+00   2.00208768E-01   1.10673606E-01   1.26195927E+01   4.59214926E+00   -3.02352041E-01   1.11461997E-01   1.67651141E+00   2.29403500E+06   1.28191452E+01   1.67681515E+00   2.29367500E+06   1.27907047E+01 
0 1370 1.83001142E-10   1.91941818E-09   7.16664506E-10   2.57336791E-10   1.12863108E-10   1.33059272E-10   3.94901400E-09   1.26693916E+01   4.61008692E+00   2.00194359E-01   1.10669881E-01   1.26196308E+01   4.59215546E+00   -3.02356780E-01   1.11459412E-01   1.67651081E+00   2.29403550E+06   1.28191938E+01   1.67681491E+00   2.29367525E+06   1.27907228E+01 
0 1380 1.77512408E-10   1.87094717E-09   6.95303648E-10   2.48222221E-10   1.07983941E-10   1.32380051E-10   3.88299970E-09   1.26694508E+01   4.61011171E+00   2.00183764E-01   1.10666163E-01   1.26196651E+01   4.59216022E+00   -3.02363485E-01   1.11456834E-01   1.67651045E+00   2.29403600E+06   1.28192320E+01   1.67681479E+00   2.29367525E+06   1.27907381E+01 
0 1390 1.72035441E-10   1.82361937E-09   6.74913014E-10   2.41765857E-10   1.03004452E-10   1.31709074E-10   3.81715903E-09   1.26695023E+01   4.61013556E+00   2.00178847E-01   1.10662453E-01   1.26196957E+01   4.59216261E+00   -3.02370816E-01   1.11454263E-01   1.67651010E+00   2.29403650E+06   1.28192616E+01   1.67681468E+00   2.29367550E+06   1.27907486E+01 
0 1400 1.66117481E-10   1.77676873E-09   6.55543952E-10   2.37709713E-10   9.88562773E-11   1.31046396E-10   3.75127174E-09   1.26695499E+01   4.61015844E+00   2.00180620E-01   1.10658735E-01   1.26197224E+01   4.59216452E+00   -3.02377164E-01   1.11451708E-01   1.67650986E+00   2.29403675E+06   1.28192863E+01   1.67681468E+00   2.29367550E+06   1.27907543E+01 
0 1410 1.59544600E-10   1.73039283E-09   6.37312703E-10   2.35226477E-10   9.65761429E-11   1.30391864E-10   3.68580477E-09   1.26695948E+01   4.61018181E+00   2.00189039E-01   1.10654987E-01   1.26197443E+01   4.59216499E+00   -3.02381068E-01   1.11449167E-01   1.67650962E+00   2.29403700E+06   1.28193092E+01   1.67681456E+00   2.29367550E+06   1.27907562E+01 
0 1420 1.52326318E-10   1.68461511E-09   6.20227258E-10   2.33359998E-10   9.65532654E-11   1.29745173E-10   3.62161856E-09   1.26696405E+01   4.61020613E+00   2.00203046E-01   1.10651188E-01   1.26197643E+01   4.59216547E+00   -3.02381635E-01   1.11446634E-01   1.67650926E+00   2.29403725E+06   1.28193321E+01   1.67681468E+00   2.29367550E+06   1.27907543E+01 
0 1430 1.44636567E-10   1.63991531E-09   6.04244099E-10   2.31156691E-10   9.81244599E-11   1.29105976E-10   3.55971208E-09   1.26696873E+01   4.61023188E+00   2.00220779E-01   1.10647328E-01   1.26197824E+01   4.59216690E+00   -3.02378595E-01   1.11444101E-01   1.67650902E+00   2.29403775E+06   1.28193579E+01   1.67681468E+00   2.29367550E+06   1.27907505E+01 
0 1440 1.36751360E-10   1.59690283E-09   5.89252980E-10   2.27868266E-10   1.00065470E-10   1.28473718E-10   3.50096574E-09   1.26697369E+01   4.61026001E+00   2.00239867E-01   1.10643409E-01   1.26198015E+01   4.59216881E+00   -3.02372396E-01   1.11441545E-01   1.67650867E+00   2.29403800E+06   1.28193874E+01   1.67681468E+00   2.29367550E+06   1.27907476E+01 
0 1450 1.28977301E-10   1.55603697E-09   5.75048675E-10   2.23220206E-10   1.01080158E-10   1.27847857E-10   3.44588247E-09   1.26697884E+01   4.61028957E+00   2.00257912E-01   1.10639423E-01   1.26198225E+01   4.59217167E+00   -3.02364171E-01   1.11438975E-01   1.67650831E+00   2.29403850E+06   1.28194189E+01   1.67681468E+00   2.29367550E+06   1.27907467E+01 
0 1460 1.21594332E-10   1.51778612E-09   5.61420355E-10   2.17296639E-10   1.00306465E-10   1.27227937E-10   3.39463835E-09   1.26698418E+01   4.61032009E+00   2.00272933E-01   1.10635385E-01   1.26198473E+01   4.59217548E+00   -3.02355409E-01   1.11436367E-01   1.67650795E+00   2.29403875E+06   1.28194532E+01   1.67681468E+00   2.29367550E+06   1.27907495E+01 
0 1470 1.14807698E-10   1.48223855E-09   5.48168122E-10   2.10585091E-10   9.75034012E-11   1.26613608E-10   3.34697559E-09   1.26698952E+01   4.61035061E+00   2.00283661E-01   1.10631302E-01   1.26198759E+01   4.59218025E+00   -3.02347839E-01   1.11433730E-01   1.67650759E+00   2.29403925E+06   1.28194866E+01   1.67681456E+00   2.29367550E+06   1.27907562E+01 
0 1480 1.08728158E-10   1.44921486E-09   5.35168521E-10   2.03748116E-10   9.31594316E-11   1.26004610E-10   3.30234995E-09   1.26699467E+01   4.61038065E+00   2.00289711E-01   1.10627197E-01   1.26199074E+01   4.59218550E+00   -3.02342802E-01   1.11431062E-01   1.67650723E+00   2.29403975E+06   1.28195171E+01   1.67681456E+00   2.29367575E+06   1.27907667E+01 
0 1490 1.03370291E-10   1.41826262E-09   5.22363763E-10   1.97230760E-10   8.83132456E-11   1.25400842E-10   3.26001803E-09   1.26699944E+01   4.61040926E+00   2.00291678E-01   1.10623077E-01   1.26199417E+01   4.59219074E+00   -3.02341282E-01   1.11428380E-01   1.67650700E+00   2.29404000E+06   1.28195438E+01   1.67681432E+00   2.29367575E+06   1.27907801E+01 
0 1500 9.86525167E-11   1.38889689E-09   5.09799314E-10   1.91322083E-10   8.41775677E-11   1.24802349E-10   3.21916138E-09   1.26700373E+01   4.61043549E+00   2.00290933E-01   1.10618964E-01   1.26199760E+01   4.59219551E+00   -3.02343547E-01   1.11425690E-01   1.67650676E+00   2.29404025E+06   1.28195639E+01   1.67681420E+00   2.29367600E+06   1.27907944E+01 
0 1510 9.44214984E-11   1.36062706E-09   4.97571040E-10   1.86043431E-10   8.15663578E-11   1.24209254E-10   3.17903748E-09   1.26700764E+01   4.61045980E+00   2.00289369E-01   1.10614859E-01   1.26200085E+01   4.59219980E+00   -3.02349091E-01   1.11423008E-01   1.67650664E+00   2.29404050E+06   1.28195782E+01   1.67681408E+00   2.29367625E+06   1.27908087E+01 
0 1520 9.04726988E-11   1.33308464E-09   4.85795681E-10   1.81461887E-10   8.03814515E-11   1.23621863E-10   3.13905946E-09   1.26701107E+01   4.61048174E+00   2.00288966E-01   1.10610753E-01   1.26200390E+01   4.59220362E+00   -3.02356929E-01   1.11420341E-01   1.67650652E+00   2.29404050E+06   1.28195868E+01   1.67681396E+00   2.29367625E+06   1.27908201E+01 
0 1530 8.66105382E-11   1.30608913E-09   4.74599526E-10   1.77696247E-10   7.98198521E-11   1.23040356E-10   3.09884762E-09   1.26701412E+01   4.61050272E+00   2.00291425E-01   1.10606663E-01   1.26200666E+01   4.59220600E+00   -3.02365690E-01   1.11417696E-01   1.67650652E+00   2.29404050E+06   1.28195906E+01   1.67681384E+00   2.29367650E+06   1.27908278E+01 
0 1540 8.27098251E-11   1.27954491E-09   4.64060512E-10   1.74863318E-10   7.90830873E-11   1.22464899E-10   3.05835113E-09   1.26701698E+01   4.61052227E+00   2.00297832E-01   1.10602558E-01   1.26200905E+01   4.59220839E+00   -3.02373886E-01   1.11415073E-01   1.67650640E+00   2.29404075E+06   1.28195934E+01   1.67681384E+00   2.29367650E+06   1.27908325E+01 
0 1550 7.87538507E-11   1.25350996E-09   4.54204008E-10   1.72770104E-10   7.79189768E-11   1.21895494E-10   3.01778780E-09   1.26701994E+01   4.61054182E+00   2.00308502E-01   1.10598445E-01   1.26201124E+01   4.59220982E+00   -3.02380353E-01   1.11412473E-01   1.67650640E+00   2.29404075E+06   1.28195953E+01   1.67681384E+00   2.29367650E+06   1.27908344E+01 
0 1560 7.48297327E-11   1.22822297E-09   4.44982717E-10   1.70978010E-10   7.67202343E-11   1.21332000E-10   2.97751623E-09   1.26702290E+01   4.61056185E+00   2.00322896E-01   1.10594302E-01   1.26201315E+01   4.59221172E+00   -3.02384257E-01   1.11409888E-01   1.67650640E+00   2.29404075E+06   1.28195992E+01   1.67681384E+00   2.29367650E+06   1.27908335E+01 
0 1570 7.10573128E-11   1.20393073E-09   4.36326003E-10   1.68906222E-10   7.60091573E-11   1.20774168E-10   2.93806868E-09   1.26702614E+01   4.61058283E+00   2.00339794E-01   1.10590138E-01   1.26201506E+01   4.59221411E+00   -3.02385420E-01   1.11407310E-01   1.67650628E+00   2.29404075E+06   1.28196058E+01   1.67681384E+00   2.29367650E+06   1.27908316E+01 
0 1580 6.75221198E-11   1.18085453E-09   4.28136943E-10   1.66155645E-10   7.58672847E-11   1.20221597E-10   2.89997892E-09   1.26702967E+01   4.61060476E+00   2.00357601E-01   1.10585935E-01   1.26201706E+01   4.59221745E+00   -3.02384228E-01   1.11404732E-01   1.67650616E+00   2.29404100E+06   1.28196163E+01   1.67681384E+00   2.29367650E+06   1.27908306E+01 
0 1590 6.42254791E-11   1.15913112E-09   4.20320473E-10   1.62714883E-10   7.57401988E-11   1.19673840E-10   2.86367263E-09   1.26703348E+01   4.61062765E+00   2.00374603E-01   1.10581703E-01   1.26201925E+01   4.59222126E+00   -3.02381516E-01   1.11402139E-01   1.67650604E+00   2.29404100E+06   1.28196306E+01   1.67681384E+00   2.29367650E+06   1.27908316E+01 
0 1600 6.11061618E-11   1.13876764E-09   4.12792800E-10   1.58882782E-10   7.48891782E-11   1.19130456E-10   2.82946533E-09   1.26703749E+01   4.61065006E+00   2.00389370E-01   1.10577457E-01   1.26202173E+01   4.59222651E+00   -3.02378476E-01   1.11399524E-01   1.67650580E+00   2.29404125E+06   1.28196468E+01   1.67681384E+00   2.29367650E+06   1.27908354E+01 
0 1610 5.80997889E-11   1.11966991E-09   4.05498746E-10   1.55095339E-10   7.29312166E-11   1.18591040E-10   2.79743073E-09   1.26704159E+01   4.61067295E+00   2.00400934E-01   1.10573195E-01   1.26202450E+01   4.59223223E+00   -3.02376211E-01   1.11396894E-01   1.67650568E+00   2.29404150E+06   1.28196640E+01   1.67681372E+00   2.29367675E+06   1.27908430E+01 
0 1620 5.52024294E-11   1.10168052E-09   3.98407390E-10   1.51603327E-10   7.01809513E-11   1.18055343E-10   2.76733214E-09   1.26704559E+01   4.61069441E+00   2.00409025E-01   1.10568941E-01   1.26202755E+01   4.59223843E+00   -3.02375793E-01   1.11394249E-01   1.67650545E+00   2.29404175E+06   1.28196802E+01   1.67681360E+00   2.29367675E+06   1.27908525E+01 
0 1630 5.24770678E-11   1.08457299E-09   3.91502664E-10   1.48502405E-10   6.75038220E-11   1.17523227E-10   2.73872347E-09   1.26704950E+01   4.61071491E+00   2.00414017E-01   1.10564694E-01   1.26203060E+01   4.59224510E+00   -3.02377760E-01   1.11391589E-01   1.67650533E+00   2.29404200E+06   1.28196945E+01   1.67681348E+00   2.29367700E+06   1.27908649E+01 
0 1640 5.00069743E-11   1.06813602E-09   3.84797916E-10   1.45597215E-10   6.58034391E-11   1.16994664E-10   2.71110112E-09   1.26705322E+01   4.61073399E+00   2.00416893E-01   1.10560469E-01   1.26203384E+01   4.59225178E+00   -3.02382290E-01   1.11388929E-01   1.67650521E+00   2.29404200E+06   1.28197050E+01   1.67681336E+00   2.29367700E+06   1.27908783E+01 
0 1650 4.78288936E-11   1.05222087E-09   3.78330450E-10   1.42799217E-10   6.53361323E-11   1.16469820E-10   2.68388889E-09   1.26705656E+01   4.61075163E+00   2.00418904E-01   1.10556275E-01   1.26203690E+01   4.59225845E+00   -3.02389055E-01   1.11386277E-01   1.67650509E+00   2.29404225E+06   1.28197136E+01   1.67681324E+00   2.29367725E+06   1.27908907E+01 
0 1660 4.59063274E-11   1.03669984E-09   3.72126691E-10   1.40114531E-10   6.55841562E-11   1.15948876E-10   2.65661493E-09   1.26705980E+01   4.61076832E+00   2.00421408E-01   1.10552095E-01   1.26203976E+01   4.59226465E+00   -3.02397341E-01   1.11383632E-01   1.67650509E+00   2.29404225E+06   1.28197184E+01   1.67681313E+00   2.29367750E+06   1.27909021E+01 
0 1670 4.41568171E-11   1.02150510E-09   3.66218084E-10   1.37740680E-10   6.57184376E-11   1.15432060E-10   2.62892885E-09   1.26706285E+01   4.61078405E+00   2.00425506E-01   1.10547945E-01   1.26204252E+01   4.59227085E+00   -3.02406192E-01   1.11381002E-01   1.67650509E+00   2.29404225E+06   1.28197212E+01   1.67681301E+00   2.29367750E+06   1.27909107E+01 
0 1680 4.25105368E-11   1.00663189E-09   3.60605656E-10   1.35767578E-10   6.52161727E-11   1.14919581E-10   2.60066102E-09   1.26706581E+01   4.61079979E+00   2.00431928E-01   1.10543810E-01   1.26204491E+01   4.59227705E+00   -3.02414715E-01   1.11378387E-01   1.67650497E+00   2.29404225E+06   1.28197241E+01   1.67681289E+00   2.29367750E+06   1.27909174E+01 
0 1690 4.09517177E-11   9.92092297E-10   3.55263291E-10   1.34165443E-10   6.41279044E-11   1.14411529E-10   2.57193666E-09   1.26706877E+01   4.61081600E+00   2.00440869E-01   1.10539682E-01   1.26204720E+01   4.59228325E+00   -3.02422047E-01   1.11375779E-01   1.67650497E+00   2.29404225E+06   1.28197279E+01   1.67681289E+00   2.29367775E+06   1.27909222E+01 
0 1700 3.95050034E-11   9.77953940E-10   3.50167451E-10   1.32724512E-10   6.28957372E-11   1.13907890E-10   2.54306776E-09   1.26707191E+01   4.61083221E+00   2.00452000E-01   1.10535555E-01   1.26204939E+01   4.59228992E+00   -3.02427769E-01   1.11373186E-01   1.67650485E+00   2.29404250E+06   1.28197336E+01   1.67681289E+00   2.29367775E+06   1.27909250E+01 
0 1710 3.81931327E-11   9.64267333E-10   3.45301010E-10   1.31178610E-10   6.19765142E-11   1.13408533E-10   2.51447108E-09   1.26707516E+01   4.61084938E+00   2.00464591E-01   1.10531434E-01   1.26205158E+01   4.59229660E+00   -3.02431673E-01   1.11370593E-01   1.67650485E+00   2.29404250E+06   1.28197422E+01   1.67681289E+00   2.29367775E+06   1.27909279E+01 
0 1720 3.69957849E-11   9.51083656E-10   3.40640988E-10   1.29383712E-10   6.14771012E-11   1.12913297E-10   2.48660070E-09   1.26707869E+01   4.61086655E+00   2.00477615E-01   1.10527307E-01   1.26205387E+01   4.59230423E+00   -3.02434057E-01   1.11368001E-01   1.67650473E+00   2.29404275E+06   1.28197536E+01   1.67681277E+00   2.29367775E+06   1.27909317E+01 
0 1730 3.58481127E-11   9.38454647E-10   3.36182915E-10   1.27352823E-10   6.11245915E-11   1.12421898E-10   2.45989207E-09   1.26708231E+01   4.61088419E+00   2.00490072E-01   1.10523187E-01   1.26205626E+01   4.59231186E+00   -3.02435458E-01   1.11365393E-01   1.67650449E+00   2.29404275E+06   1.28197670E+01   1.67681277E+00   2.29367775E+06   1.27909365E+01 
0 1740 3.46771882E-11   9.26366928E-10   3.31909555E-10   1.25245106E-10   6.05254943E-11   1.11934094E-10   2.43459874E-09   1.26708612E+01   4.61090183E+00   2.00501055E-01   1.10519074E-01   1.26205883E+01   4.59232044E+00   -3.02436590E-01   1.11362770E-01   1.67650437E+00   2.29404300E+06   1.28197813E+01   1.67681265E+00   2.29367800E+06   1.27909431E+01 
0 1750 3.34468321E-11   9.14819498E-10   3.27811167E-10   1.23228303E-10   5.94691241E-11   1.11449620E-10   2.41080045E-09   1.26708994E+01   4.61091900E+00   2.00509995E-01   1.10514976E-01   1.26206160E+01   4.59232950E+00   -3.02438229E-01   1.11360140E-01   1.67650425E+00   2.29404325E+06   1.28197966E+01   1.67681253E+00   2.29367800E+06   1.27909527E+01 
0 1760 3.21899382E-11   9.03765951E-10   3.23867821E-10   1.21368679E-10   5.81185343E-11   1.10968297E-10   2.38836528E-09   1.26709375E+01   4.61093521E+00   2.00516686E-01   1.10510893E-01   1.26206455E+01   4.59233856E+00   -3.02441001E-01   1.11357503E-01   1.67650402E+00   2.29404350E+06   1.28198118E+01   1.67681241E+00   2.29367825E+06   1.27909632E+01 
0 1770 3.09803780E-11   8.93132790E-10   3.20048377E-10   1.19647847E-10   5.68356300E-11   1.10490062E-10   2.36694997E-09   1.26709747E+01   4.61095095E+00   2.00521305E-01   1.10506840E-01   1.26206751E+01   4.59234810E+00   -3.02445322E-01   1.11354858E-01   1.67650390E+00   2.29404350E+06   1.28198252E+01   1.67681229E+00   2.29367825E+06   1.27909746E+01 
0 1780 2.99042111E-11   8.82857898E-10   3.16331100E-10   1.17935745E-10   5.59975642E-11   1.10014942E-10   2.34613085E-09   1.26710100E+01   4.61096573E+00   2.00524390E-01   1.10502809E-01   1.26207056E+01   4.59235716E+00   -3.02451313E-01   1.11352213E-01   1.67650378E+00   2.29404375E+06   1.28198376E+01   1.67681217E+00   2.29367850E+06   1.27909870E+01 
0 1790 2.90061707E-11   8.72870942E-10   3.12687154E-10   1.16167666E-10   5.57222012E-11   1.09543007E-10   2.32548736E-09   1.26710443E+01   4.61098003E+00   2.00526655E-01   1.10498801E-01   1.26207352E+01   4.59236622E+00   -3.02458763E-01   1.11349568E-01   1.67650366E+00   2.29404375E+06   1.28198481E+01   1.67681205E+00   2.29367850E+06   1.27909994E+01 
0 1800 2.82696141E-11   8.63115190E-10   3.09108544E-10   1.14334743E-10   5.58004754E-11   1.09074465E-10   2.30465713E-09   1.26710777E+01   4.61099434E+00   2.00528860E-01   1.10494822E-01   1.26207638E+01   4.59237576E+00   -3.02467257E-01   1.11346938E-01   1.67650354E+00   2.29404400E+06   1.28198576E+01   1.67681193E+00   2.29367875E+06   1.27910099E+01 
0 1810 2.76436547E-11   8.53540183E-10   3.05598685E-10   1.12537354E-10   5.59169308E-11   1.08609441E-10   2.28338237E-09   1.26711102E+01   4.61100864E+00   2.00531721E-01   1.10490866E-01   1.26207905E+01   4.59238482E+00   -3.02476227E-01   1.11344315E-01   1.67650342E+00   2.29404400E+06   1.28198662E+01   1.67681193E+00   2.29367900E+06   1.27910194E+01 
0 1820 2.70646144E-11   8.44116665E-10   3.02170761E-10   1.10897028E-10   5.57861500E-11   1.08148060E-10   2.26158048E-09   1.26711416E+01   4.61102247E+00   2.00535730E-01   1.10486932E-01   1.26208162E+01   4.59239388E+00   -3.02485079E-01   1.11341700E-01   1.67650330E+00   2.29404425E+06   1.28198748E+01   1.67681181E+00   2.29367900E+06   1.27910280E+01 
0 1830 2.64891633E-11   8.34833425E-10   2.98831654E-10   1.09454411E-10   5.53013434E-11   1.07690384E-10   2.23931296E-09   1.26711731E+01   4.61103725E+00   2.00541124E-01   1.10483006E-01   1.26208410E+01   4.59240294E+00   -3.02493244E-01   1.11339100E-01   1.67650330E+00   2.29404425E+06   1.28198843E+01   1.67681170E+00   2.29367900E+06   1.27910347E+01 
0 1840 2.59046621E-11   8.25698621E-10   2.95597352E-10   1.08176745E-10   5.45426343E-11   1.07236421E-10   2.21680141E-09   1.26712055E+01   4.61105204E+00   2.00547874E-01   1.10479102E-01   1.26208649E+01   4.59241247E+00   -3.02500367E-01   1.11336507E-01   1.67650318E+00   2.29404450E+06   1.28198938E+01   1.67681170E+00   2.29367925E+06   1.27910404E+01 
0 1850 2.53191999E-11   8.16721191E-10   2.92473989E-10   1.07012614E-10   5.36848135E-11   1.06786129E-10   2.19441820E-09   1.26712389E+01   4.61106730E+00   2.00555667E-01   1.10475197E-01   1.26208887E+01   4.59242201E+00   -3.02506298E-01   1.11333922E-01   1.67650306E+00   2.29404450E+06   1.28199053E+01   1.67681158E+00   2.29367925E+06   1.27910461E+01 
0 1860 2.47461426E-11   8.07927170E-10   2.89468782E-10   1.05869376E-10   5.28910422E-11   1.06339333E-10   2.17253127E-09   1.26712732E+01   4.61108255E+00   2.00564042E-01   1.10471308E-01   1.26209135E+01   4.59243202E+00   -3.02511126E-01   1.11331329E-01   1.67650282E+00   2.29404475E+06   1.28199177E+01   1.67681158E+00   2.29367925E+06   1.27910528E+01 
0 1870 2.41938396E-11   7.99353916E-10   2.86579677E-10   1.04681694E-10   5.22422973E-11   1.05895862E-10   2.15140927E-09   1.26713076E+01   4.61109781E+00   2.00572416E-01   1.10467426E-01   1.26209393E+01   4.59244156E+00   -3.02515149E-01   1.11328743E-01   1.67650270E+00   2.29404500E+06   1.28199320E+01   1.67681146E+00   2.29367950E+06   1.27910595E+01 
0 1880 2.36540388E-11   7.91036903E-10   2.83795432E-10   1.03448049E-10   5.16874495E-11   1.05455499E-10   2.13128670E-09   1.26713428E+01   4.61111307E+00   2.00580269E-01   1.10463552E-01   1.26209650E+01   4.59245205E+00   -3.02518815E-01   1.11326151E-01   1.67650259E+00   2.29404500E+06   1.28199463E+01   1.67681134E+00   2.29367950E+06   1.27910671E+01 
0 1890 2.31137418E-11   7.82997944E-10   2.81106971E-10   1.02214556E-10   5.11249654E-11   1.05018071E-10   2.11220175E-09   1.26713791E+01   4.61112833E+00   2.00587153E-01   1.10459685E-01   1.26209927E+01   4.59246206E+00   -3.02522540E-01   1.11323550E-01   1.67650235E+00   2.29404525E+06   1.28199615E+01   1.67681134E+00   2.29367950E+06   1.27910757E+01 
0 1900 2.25704906E-11   7.75251807E-10   2.78498835E-10   1.01002762E-10   5.05028970E-11   1.04583446E-10   2.09406115E-09   1.26714144E+01   4.61114311E+00   2.00592801E-01   1.10455833E-01   1.26210213E+01   4.59247255E+00   -3.02526832E-01   1.11320958E-01   1.67650223E+00   2.29404550E+06   1.28199759E+01   1.67681122E+00   2.29367975E+06   1.27910862E+01 
0 1910 2.20397138E-11   7.67771402E-10   2.75958728E-10   9.98332667E-11   4.98613373E-11   1.04151528E-10   2.07662443E-09   1.26714506E+01   4.61115837E+00   2.00597167E-01   1.10451989E-01   1.26210499E+01   4.59248304E+00   -3.02531928E-01   1.11318365E-01   1.67650211E+00   2.29404575E+06   1.28199911E+01   1.67681110E+00   2.29367975E+06   1.27910967E+01 
0 1920 2.15511914E-11   7.60536523E-10   2.73467665E-10   9.86645488E-11   4.93135845E-11   1.03722295E-10   2.05958317E-09   1.26714849E+01   4.61117315E+00   2.00600401E-01   1.10448167E-01   1.26210785E+01   4.59249306E+00   -3.02538037E-01   1.11315772E-01   1.67650187E+00   2.29404575E+06   1.28200045E+01   1.67681098E+00   2.29368000E+06   1.27911072E+01 
0 1930 2.11326408E-11   7.53500262E-10   2.71012601E-10   9.74756872E-11   4.89698837E-11   1.03295782E-10   2.04266337E-09   1.26715202E+01   4.61118841E+00   2.00602829E-01   1.10444352E-01   1.26211071E+01   4.59250355E+00   -3.02545100E-01   1.11313194E-01   1.67650175E+00   2.29404600E+06   1.28200188E+01   1.67681086E+00   2.29368025E+06   1.27911186E+01 
0 1940 2.07927633E-11   7.46619155E-10   2.68589623E-10   9.62212185E-11   4.88565473E-11   1.02872079E-10   2.02560035E-09   1.26715536E+01   4.61120319E+00   2.00604856E-01   1.10440545E-01   1.26211357E+01   4.59251404E+00   -3.02552909E-01   1.11310616E-01   1.67650163E+00   2.29404625E+06   1.28200312E+01   1.67681074E+00   2.29368025E+06   1.27911282E+01 
0 1950 2.05147756E-11   7.39852402E-10   2.66196398E-10   9.49462592E-11   4.88867141E-11   1.02451311E-10   2.00823180E-09   1.26715870E+01   4.61121893E+00   2.00606942E-01   1.10436760E-01   1.26211634E+01   4.59252453E+00   -3.02561134E-01   1.11308053E-01   1.67650151E+00   2.29404625E+06   1.28200445E+01   1.67681062E+00   2.29368050E+06   1.27911377E+01 
0 1960 2.02587634E-11   7.33159589E-10   2.63840616E-10   9.37204203E-11   4.88852604E-11   1.02033583E-10   1.99049333E-09   1.26716194E+01   4.61123419E+00   2.00609505E-01   1.10432975E-01   1.26211901E+01   4.59253550E+00   -3.02569449E-01   1.11305498E-01   1.67650139E+00   2.29404650E+06   1.28200569E+01   1.67681050E+00   2.29368050E+06   1.27911472E+01 
0 1970 1.99873677E-11   7.26513572E-10   2.61525274E-10   9.26216673E-11   4.87062925E-11   1.01618977E-10   1.97246908E-09   1.26716518E+01   4.61124992E+00   2.00612798E-01   1.10429205E-01   1.26212158E+01   4.59254599E+00   -3.02577436E-01   1.11302957E-01   1.67650115E+00   2.29404675E+06   1.28200693E+01   1.67681050E+00   2.29368050E+06   1.27911549E+01 
0 1980 1.96793224E-11   7.19911741E-10   2.59255839E-10   9.16692902E-11   4.82931403E-11   1.01207535E-10   1.95432492E-09   1.26716852E+01   4.61126566E+00   2.00616941E-01   1.10425435E-01   1.26212416E+01   4.59255648E+00   -3.02584887E-01   1.11300416E-01   1.67650104E+00   2.29404675E+06   1.28200817E+01   1.67681038E+00   2.29368075E+06   1.27911625E+01 
0 1990 1.93375888E-11   7.13355264E-10   2.57040195E-10   9.08676051E-11   4.77002673E-11   1.00799237E-10   1.93627980E-09   1.26717176E+01   4.61128139E+00   2.00621903E-01   1.10421672E-01   1.26212673E+01   4.59256744E+00   -3.02591562E-01   1.11297891E-01   1.67650092E+00   2.29404700E+06   1.28200941E+01   1.67681026E+00   2.29368075E+06   1.27911701E+01 
0 2000 1.89813599E-11   7.06865622E-10   2.54876759E-10   9.01555774E-11   4.70509257E-11   1.00394013E-10   1.91857930E-09   1.26717510E+01   4.61129713E+00   2.00627476E-01   1.10417910E-01   1.26212931E+01   4.59257793E+00   -3.02597523E-01   1.11295365E-01   1.67650080E+00   2.29404725E+06   1.28201075E+01   1.67681026E+00   2.29368075E+06   1.27911768E+01 
