RealTimeStep Cycle rho   rhoV[0]   rhoV[1]   rhoV[2]   rhoE   rhok   rhoOmega   probe1@MHH@63.3_V_x   probe1@MHH@63.3_V_y   probe1@MHH@63.3_V_z   probe1@MHH@63.3_ti   probe2@MHH@63.3_V_x   probe2@MHH@63.3_V_y   probe2@MHH@63.3_V_z   probe2@MHH@63.3_ti   T001_omega   T001_power   T001_uref   T002_omega   T002_power   T002_uref 
0 1 3.49639691E-07   5.03566662E-06   2.69352677E-06   1.04097523E-06   1.28946408E-06   6.88544219E-07   3.00571235E-04   1.58743162E+01   -8.45568752E+00   1.53439855E-02   1.05167352E-01   1.58679943E+01   -8.44977570E+00   -2.88841110E-02   1.05214536E-01   1.67674279E+00   2.30000000E+06   1.75973072E+01   1.67673779E+00   2.30000000E+06   1.75949802E+01 
0 10 1.35104884E-07   3.38692575E-06   1.84905616E-06   6.17055491E-07   5.03386048E-07   7.03994241E-09   3.45633680E-06   1.57301493E+01   -8.42543125E+00   7.20798150E-02   1.06079854E-01   1.57202101E+01   -8.41739559E+00   -1.32996246E-01   1.06121309E-01   1.67608869E+00   2.30000000E+06   1.73950729E+01   1.67607355E+00   2.30000000E+06   1.73915653E+01 
0 20 6.11405326E-08   2.22948324E-06   1.22941833E-06   4.04641270E-07   2.48139401E-07   5.90825966E-09   2.85820965E-06   1.57591143E+01   -8.45778751E+00   8.75152349E-02   1.05991147E-01   1.57635736E+01   -8.42463970E+00   -1.70445099E-01   1.06032081E-01   1.67598009E+00   2.30000000E+06   1.73705807E+01   1.67595458E+00   2.30000000E+06   1.73650208E+01 
0 30 4.45691271E-08   1.65618519E-06   9.16980298E-07   3.16252454E-07   1.73614126E-07   5.14703169E-09   2.51080724E-06   1.57038803E+01   -8.41797733E+00   9.87056941E-02   1.06532909E-01   1.57071018E+01   -8.37489796E+00   -1.66597232E-01   1.06601730E-01   1.67559659E+00   2.30000000E+06   1.72934570E+01   1.67555940E+00   2.30000000E+06   1.72865906E+01 
0 40 3.33295596E-08   1.36832966E-06   7.53771758E-07   2.71981634E-07   1.31059494E-07   4.57243043E-09   2.19779258E-06   1.56639795E+01   -8.38188553E+00   1.22313015E-01   1.06967270E-01   1.56638422E+01   -8.33991814E+00   -1.40471742E-01   1.07048698E-01   1.67569363E+00   2.30000000E+06   1.72438030E+01   1.67573929E+00   2.30000000E+06   1.72359409E+01 
0 50 2.38029862E-08   1.17142679E-06   6.39543771E-07   2.25115130E-07   9.80866304E-08   4.10185308E-09   1.93025767E-06   1.56334333E+01   -8.35219765E+00   1.25713661E-01   1.07347585E-01   1.56400023E+01   -8.32186508E+00   -1.46675080E-01   1.07349448E-01   1.67589450E+00   2.30000000E+06   1.72082272E+01   1.67590237E+00   2.30000000E+06   1.72067680E+01 
0 60 2.09619113E-08   9.74355430E-07   5.31626938E-07   1.80180905E-07   8.04692490E-08   3.70480224E-09   1.72775924E-06   1.56065931E+01   -8.32889748E+00   1.19858675E-01   1.07672498E-01   1.56136913E+01   -8.30131149E+00   -1.50066301E-01   1.07648827E-01   1.67604733E+00   2.30000000E+06   1.71791782E+01   1.67601466E+00   2.30000000E+06   1.71855392E+01 
0 70 1.64926472E-08   8.40565690E-07   4.57497691E-07   1.49236584E-07   6.35999839E-08   3.36556605E-09   1.56414080E-06   1.55901108E+01   -8.31613731E+00   1.25049606E-01   1.07891016E-01   1.55888748E+01   -8.28786087E+00   -1.40451401E-01   1.07902922E-01   1.67611945E+00   2.30000000E+06   1.71647415E+01   1.67608833E+00   2.30000000E+06   1.71710472E+01 
0 80 1.32951694E-08   7.56509678E-07   4.10436826E-07   1.26371447E-07   5.04078876E-08   3.07209369E-09   1.42507542E-06   1.55854006E+01   -8.31395149E+00   1.31531313E-01   1.08002678E-01   1.55761366E+01   -8.28599453E+00   -1.33195147E-01   1.08047925E-01   1.67612267E+00   2.30000000E+06   1.71640968E+01   1.67610705E+00   2.30000000E+06   1.71672707E+01 
0 90 1.11847438E-08   6.92002061E-07   3.75290028E-07   1.03884986E-07   3.95481834E-08   2.82179635E-09   1.30504407E-06   1.55809555E+01   -8.31484413E+00   1.39366731E-01   1.08086124E-01   1.55701571E+01   -8.28477955E+00   -1.31904870E-01   1.08142726E-01   1.67612100E+00   2.30000000E+06   1.71644440E+01   1.67610955E+00   2.30000000E+06   1.71667671E+01 
0 100 1.00707807E-08   6.37516223E-07   3.44830255E-07   8.43063290E-08   3.46795375E-08   2.60280597E-09   1.19852461E-06   1.55725460E+01   -8.31258392E+00   1.46844909E-01   1.08185448E-01   1.55647173E+01   -8.28123665E+00   -1.30750388E-01   1.08230390E-01   1.67614806E+00   2.30000000E+06   1.71588840E+01   1.67612696E+00   2.30000000E+06   1.71632309E+01 
0 110 9.60784785E-09   5.90330785E-07   3.17777335E-07   6.89435993E-08   3.26214895E-08   2.41120235E-09   1.10384372E-06   1.55638704E+01   -8.30950546E+00   1.49049163E-01   1.08279869E-01   1.55615482E+01   -8.27865314E+00   -1.28379554E-01   1.08295090E-01   1.67618477E+00   2.30000000E+06   1.71512394E+01   1.67614698E+00   2.30000000E+06   1.71590996E+01 
0 120 9.75011538E-09   5.48275864E-07   2.94470198E-07   5.60661810E-08   3.10866675E-08   2.24722840E-09   1.01951457E-06   1.55586710E+01   -8.30834198E+00   1.49836496E-01   1.08342357E-01   1.55625839E+01   -8.27821541E+00   -1.24838464E-01   1.08325034E-01   1.67620897E+00   2.30000000E+06   1.71461029E+01   1.67615545E+00   2.30000000E+06   1.71573505E+01 
0 130 9.70138636E-09   5.10366988E-07   2.73827624E-07   4.66233843E-08   2.95150588E-08   2.10693241E-09   9.44032820E-07   1.55573416E+01   -8.30904865E+00   1.51192650E-01   1.08372852E-01   1.55654430E+01   -8.27909184E+00   -1.21555030E-01   1.08336508E-01   1.67621768E+00   2.30000000E+06   1.71442451E+01   1.67615879E+00   2.30000000E+06   1.71566582E+01 
0 140 9.46721102E-09   4.75940993E-07   2.55255287E-07   3.96131341E-08   2.79990271E-08   1.98632266E-09   8.75581577E-07   1.55584040E+01   -8.31052780E+00   1.51874781E-01   1.08384505E-01   1.55669756E+01   -8.28016472E+00   -1.19457006E-01   1.08350433E-01   1.67621779E+00   2.30000000E+06   1.71442299E+01   1.67616844E+00   2.30000000E+06   1.71546669E+01 
0 150 8.92016772E-09   4.44412336E-07   2.38305631E-07   3.48881173E-08   2.55029455E-08   1.88355931E-09   8.13072120E-07   1.55601292E+01   -8.31254959E+00   1.51503116E-01   1.08388290E-01   1.55666714E+01   -8.28114986E+00   -1.17734157E-01   1.08371176E-01   1.67621469E+00   2.30000000E+06   1.71448994E+01   1.67618406E+00   2.30000000E+06   1.71513977E+01 
0 160 7.89482524E-09   4.15308790E-07   2.22687021E-07   3.14932116E-08   2.16729443E-08   1.79674575E-09   7.56027532E-07   1.55621567E+01   -8.31532192E+00   1.49934277E-01   1.08385958E-01   1.55660667E+01   -8.28219414E+00   -1.16457671E-01   1.08390376E-01   1.67620838E+00   2.30000000E+06   1.71462498E+01   1.67619848E+00   2.30000000E+06   1.71483555E+01 
0 170 6.87708779E-09   3.88313396E-07   2.08154148E-07   2.79525292E-08   1.83282083E-08   1.72353931E-09   7.03751994E-07   1.55646133E+01   -8.31852722E+00   1.47673607E-01   1.08377598E-01   1.55662699E+01   -8.28321075E+00   -1.16096094E-01   1.08402409E-01   1.67619896E+00   2.30000000E+06   1.71482487E+01   1.67620707E+00   2.30000000E+06   1.71465244E+01 
0 180 6.32152686E-09   3.63221716E-07   1.94562148E-07   2.45259635E-08   1.68390724E-08   1.66102776E-09   6.55662404E-07   1.55672417E+01   -8.32134151E+00   1.45885184E-01   1.08366847E-01   1.55675535E+01   -8.28417969E+00   -1.16262883E-01   1.08406238E-01   1.67618895E+00   2.30000000E+06   1.71503620E+01   1.67620873E+00   2.30000000E+06   1.71461563E+01 
0 190 6.07921002E-09   3.39814960E-07   1.81879400E-07   2.19139000E-08   1.63521925E-08   1.60634572E-09   6.11170435E-07   1.55698223E+01   -8.32327843E+00   1.45104930E-01   1.08356677E-01   1.55692835E+01   -8.28503609E+00   -1.16223946E-01   1.08406089E-01   1.67618072E+00   2.30000000E+06   1.71520824E+01   1.67620671E+00   2.30000000E+06   1.71465912E+01 
0 200 5.87770632E-09   3.17918278E-07   1.70098829E-07   1.99373140E-08   1.57868083E-08   1.55755930E-09   5.69863914E-07   1.55721388E+01   -8.32438564E+00   1.45300627E-01   1.08348750E-01   1.55701180E+01   -8.28540897E+00   -1.15847856E-01   1.08410895E-01   1.67617536E+00   2.30000000E+06   1.71532040E+01   1.67620754E+00   2.30000000E+06   1.71464119E+01 
0 210 5.49911849E-09   2.97458968E-07   1.59155235E-07   1.84534130E-08   1.46299506E-08   1.51315771E-09   5.31361138E-07   1.55742331E+01   -8.32478714E+00   1.46103561E-01   1.08343057E-01   1.55693369E+01   -8.28517056E+00   -1.15848877E-01   1.08425274E-01   1.67617202E+00   2.30000000E+06   1.71539192E+01   1.67621505E+00   2.30000000E+06   1.71448269E+01 
0 220 4.79281148E-09   2.78366400E-07   1.48955905E-07   1.78038331E-08   1.25913928E-08   1.47188217E-09   4.95171491E-07   1.55765104E+01   -8.32454872E+00   1.47005990E-01   1.08337596E-01   1.55675974E+01   -8.28470707E+00   -1.17043160E-01   1.08444475E-01   1.67616844E+00   2.30000000E+06   1.71546669E+01   1.67622626E+00   2.30000000E+06   1.71424236E+01 
0 230 4.04752853E-09   2.60527315E-07   1.39397088E-07   1.71847301E-08   1.08315223E-08   1.43297352E-09   4.60787675E-07   1.55792980E+01   -8.32362747E+00   1.47791937E-01   1.08330943E-01   1.55661545E+01   -8.28444958E+00   -1.19303510E-01   1.08460084E-01   1.67616332E+00   2.30000000E+06   1.71557293E+01   1.67623580E+00   2.30000000E+06   1.71403637E+01 
0 240 3.87359522E-09   2.43811741E-07   1.30392579E-07   1.55267497E-08   1.13958629E-08   1.39618184E-09   4.28013294E-07   1.55825186E+01   -8.32205868E+00   1.48613945E-01   1.08323552E-01   1.55656710E+01   -8.28452396E+00   -1.21577129E-01   1.08467959E-01   1.67615688E+00   2.30000000E+06   1.71570721E+01   1.67624080E+00   2.30000000E+06   1.71392574E+01 
0 250 4.12868051E-09   2.28108831E-07   1.21936012E-07   1.35018405E-08   1.28938478E-08   1.36099865E-09   3.96505385E-07   1.55858049E+01   -8.32012177E+00   1.49493232E-01   1.08316600E-01   1.55657959E+01   -8.28479385E+00   -1.22869164E-01   1.08470626E-01   1.67614973E+00   2.30000000E+06   1.71585388E+01   1.67624295E+00   2.30000000E+06   1.71387978E+01 
0 260 4.12834256E-09   2.13395822E-07   1.14088500E-07   1.24055957E-08   1.27980728E-08   1.32723821E-09   3.66273980E-07   1.55888424E+01   -8.31819344E+00   1.50164053E-01   1.08310550E-01   1.55657406E+01   -8.28505611E+00   -1.22964829E-01   1.08473524E-01   1.67614222E+00   2.30000000E+06   1.71600971E+01   1.67624545E+00   2.30000000E+06   1.71382694E+01 
0 270 3.73623088E-09   1.99669117E-07   1.06832374E-07   1.22044739E-08   1.09709131E-08   1.29549838E-09   3.37815152E-07   1.55915098E+01   -8.31655979E+00   1.50405556E-01   1.08305015E-01   1.55650749E+01   -8.28520107E+00   -1.22333057E-01   1.08479910E-01   1.67613399E+00   2.30000000E+06   1.71617775E+01   1.67625010E+00   2.30000000E+06   1.71372585E+01 
0 280 3.39562067E-09   1.86826767E-07   1.00043145E-07   1.18320154E-08   9.22696408E-09   1.26594268E-09   3.11216809E-07   1.55937090E+01   -8.31521797E+00   1.50450349E-01   1.08300351E-01   1.55639791E+01   -8.28522015E+00   -1.21586196E-01   1.08489215E-01   1.67612588E+00   2.30000000E+06   1.71634483E+01   1.67625630E+00   2.30000000E+06   1.71359043E+01 
0 290 3.44634432E-09   1.74746404E-07   9.36447861E-08   1.11272316E-08   8.78807604E-09   1.23801125E-09   2.86346278E-07   1.55951824E+01   -8.31390762E+00   1.50820449E-01   1.08298719E-01   1.55629568E+01   -8.28514481E+00   -1.21072404E-01   1.08498670E-01   1.67611969E+00   2.30000000E+06   1.71647091E+01   1.67626190E+00   2.30000000E+06   1.71346588E+01 
0 300 3.67402131E-09   1.63416701E-07   8.76621371E-08   1.05015454E-08   8.59083915E-09   1.21079513E-09   2.62711808E-07   1.55956278E+01   -8.31236458E+00   1.51788175E-01   1.08302765E-01   1.55624170E+01   -8.28504753E+00   -1.20811485E-01   1.08505689E-01   1.67611766E+00   2.30000000E+06   1.71651173E+01   1.67626536E+00   2.30000000E+06   1.71339130E+01 
0 310 3.84053678E-09   1.52875913E-07   8.20987580E-08   9.96826177E-09   7.74129738E-09   1.18406274E-09   2.40394286E-07   1.55949583E+01   -8.31058121E+00   1.53072834E-01   1.08313330E-01   1.55624523E+01   -8.28502274E+00   -1.20640799E-01   1.08509287E-01   1.67612052E+00   2.30000000E+06   1.71645432E+01   1.67626584E+00   2.30000000E+06   1.71338120E+01 
0 320 3.94841493E-09   1.43071460E-07   7.68788340E-08   9.43876088E-09   6.65516087E-09   1.15762444E-09   2.19476362E-07   1.55934410E+01   -8.30885887E+00   1.54088616E-01   1.08328342E-01   1.55628881E+01   -8.28515434E+00   -1.20406918E-01   1.08510055E-01   1.67612660E+00   2.30000000E+06   1.71633053E+01   1.67626369E+00   2.30000000E+06   1.71342621E+01 
0 330 4.05400291E-09   1.33889529E-07   7.19530533E-08   8.96120333E-09   6.01057826E-09   1.13146958E-09   1.99948516E-07   1.55915909E+01   -8.30764389E+00   1.54413283E-01   1.08343780E-01   1.55634460E+01   -8.28549004E+00   -1.20071948E-01   1.08509384E-01   1.67613304E+00   2.30000000E+06   1.71619892E+01   1.67626023E+00   2.30000000E+06   1.71350403E+01 
0 340 4.17254231E-09   1.25252484E-07   6.73379077E-08   8.46552339E-09   5.89011329E-09   1.10557430E-09   1.81785012E-07   1.55898695E+01   -8.30722046E+00   1.54072657E-01   1.08356148E-01   1.55638876E+01   -8.28600121E+00   -1.19666837E-01   1.08508721E-01   1.67613745E+00   2.30000000E+06   1.71610622E+01   1.67625618E+00   2.30000000E+06   1.71359100E+01 
0 350 4.30591918E-09   1.17135478E-07   6.30387262E-08   7.91385890E-09   5.99911365E-09   1.07977760E-09   1.64961449E-07   1.55884752E+01   -8.30754662E+00   1.53420985E-01   1.08364291E-01   1.55640945E+01   -8.28659439E+00   -1.19269520E-01   1.08509056E-01   1.67613971E+00   2.30000000E+06   1.71606197E+01   1.67625260E+00   2.30000000E+06   1.71366997E+01 
0 360 4.43271553E-09   1.09526709E-07   5.90309668E-08   7.41223438E-09   6.04758510E-09   1.05422882E-09   1.49538451E-07   1.55873337E+01   -8.30831909E+00   1.52808771E-01   1.08369410E-01   1.55640678E+01   -8.28716087E+00   -1.19007267E-01   1.08510725E-01   1.67614067E+00   2.30000000E+06   1.71604156E+01   1.67624974E+00   2.30000000E+06   1.71373272E+01 
0 370 4.49762849E-09   1.02421097E-07   5.53002408E-08   7.03600467E-09   5.82166360E-09   1.02883391E-09   1.35531337E-07   1.55862513E+01   -8.30916309E+00   1.52359605E-01   1.08373679E-01   1.55638809E+01   -8.28763008E+00   -1.19034573E-01   1.08513482E-01   1.67614222E+00   2.30000000E+06   1.71600952E+01   1.67624760E+00   2.30000000E+06   1.71377907E+01 
0 380 4.45578197E-09   9.58101154E-08   5.18347214E-08   6.82276768E-09   5.31276134E-09   1.00353803E-09   1.22889062E-07   1.55851059E+01   -8.30981827E+00   1.52008638E-01   1.08378619E-01   1.55636368E+01   -8.28800201E+00   -1.19452924E-01   1.08516663E-01   1.67614543E+00   2.30000000E+06   1.71594372E+01   1.67624593E+00   2.30000000E+06   1.71381588E+01 
0 390 4.31309122E-09   8.96644394E-08   4.86011871E-08   6.65747546E-09   4.78726259E-09   9.78287562E-10   1.11545425E-07   1.55839529E+01   -8.31020546E+00   1.51658401E-01   1.08384281E-01   1.55634232E+01   -8.28831387E+00   -1.20201528E-01   1.08519576E-01   1.67615008E+00   2.30000000E+06   1.71584778E+01   1.67624438E+00   2.30000000E+06   1.71385040E+01 
0 400 4.11148582E-09   8.39390424E-08   4.55653115E-08   6.37045927E-09   4.51991022E-09   9.53141344E-10   1.01547620E-07   1.55830011E+01   -8.31038284E+00   1.51306540E-01   1.08389415E-01   1.55632763E+01   -8.28860855E+00   -1.21076420E-01   1.08521849E-01   1.67615497E+00   2.30000000E+06   1.71574554E+01   1.67624259E+00   2.30000000E+06   1.71388741E+01 
0 410 3.89278831E-09   7.86052468E-08   4.27205116E-08   5.97956529E-09   4.38675052E-09   9.28242483E-10   9.28140693E-08   1.55825052E+01   -8.31047153E+00   1.51040047E-01   1.08392328E-01   1.55631714E+01   -8.28889751E+00   -1.21846870E-01   1.08523592E-01   1.67615867E+00   2.30000000E+06   1.71566868E+01   1.67624092E+00   2.30000000E+06   1.71392460E+01 
0 420 3.69132303E-09   7.36532471E-08   4.00748199E-08   5.67724268E-09   4.06958645E-09   9.03798092E-10   8.51386091E-08   1.55826616E+01   -8.31058788E+00   1.50942460E-01   1.08391680E-01   1.55630445E+01   -8.28916073E+00   -1.22368999E-01   1.08525299E-01   1.67615986E+00   2.30000000E+06   1.71564407E+01   1.67623949E+00   2.30000000E+06   1.71395607E+01 
0 430 3.55066887E-09   6.90703317E-08   3.76233338E-08   5.49663159E-09   3.60982511E-09   8.79922968E-10   7.82520289E-08   1.55835371E+01   -8.31080151E+00   1.51030213E-01   1.08386971E-01   1.55628452E+01   -8.28937435E+00   -1.22622989E-01   1.08527437E-01   1.67615783E+00   2.30000000E+06   1.71568661E+01   1.67623854E+00   2.30000000E+06   1.71397648E+01 
0 440 3.50449447E-09   6.48132854E-08   3.53382319E-08   5.27236965E-09   3.45486217E-09   8.56605009E-10   7.19840543E-08   1.55850592E+01   -8.31112385E+00   1.51229709E-01   1.08378612E-01   1.55625668E+01   -8.28953648E+00   -1.22683339E-01   1.08530156E-01   1.67615259E+00   2.30000000E+06   1.71579609E+01   1.67623818E+00   2.30000000E+06   1.71398487E+01 
0 450 3.52502560E-09   6.08278299E-08   3.31980026E-08   4.93944530E-09   3.73272036E-09   8.33800307E-10   6.63652671E-08   1.55870390E+01   -8.31152058E+00   1.51417375E-01   1.08367741E-01   1.55622606E+01   -8.28967762E+00   -1.22647919E-01   1.08533137E-01   1.67614460E+00   2.30000000E+06   1.71595955E+01   1.67623806E+00   2.30000000E+06   1.71398735E+01 
0 460 3.53214569E-09   5.70861332E-08   3.12029158E-08   4.65094185E-09   3.95852462E-09   8.11546219E-10   6.14493345E-08   1.55892181E+01   -8.31193256E+00   1.51476875E-01   1.08355857E-01   1.55620127E+01   -8.28985405E+00   -1.22590221E-01   1.08535752E-01   1.67613506E+00   2.30000000E+06   1.71615582E+01   1.67623770E+00   2.30000000E+06   1.71399403E+01 
0 470 3.46464524E-09   5.35910694E-08   2.93648057E-08   4.55511007E-09   3.77730025E-09   7.89843246E-10   5.72781325E-08   1.55913315E+01   -8.31231213E+00   1.51339203E-01   1.08344443E-01   1.55619135E+01   -8.29012203E+00   -1.22540332E-01   1.08537316E-01   1.67612505E+00   2.30000000E+06   1.71636124E+01   1.67623675E+00   2.30000000E+06   1.71401577E+01 
0 480 3.32647154E-09   5.03491542E-08   2.76830825E-08   4.57516114E-09   3.33520300E-09   7.68686892E-10   5.38753007E-08   1.55931559E+01   -8.31263065E+00   1.51003659E-01   1.08334646E-01   1.55620098E+01   -8.29052544E+00   -1.22483134E-01   1.08537406E-01   1.67611551E+00   2.30000000E+06   1.71655445E+01   1.67623472E+00   2.30000000E+06   1.71405907E+01 
0 490 3.16971605E-09   4.73498503E-08   2.61323247E-08   4.50504078E-09   3.18923976E-09   7.48029416E-10   5.11719982E-08   1.55945463E+01   -8.31288719E+00   1.50544629E-01   1.08327165E-01   1.55622883E+01   -8.29108047E+00   -1.22396171E-01   1.08536005E-01   1.67610729E+00   2.30000000E+06   1.71672115E+01   1.67623162E+00   2.30000000E+06   1.71412430E+01 
0 500 3.03923109E-09   4.45782824E-08   2.46797836E-08   4.23346513E-09   3.62232266E-09   7.27929161E-10   4.90234946E-08   1.55954437E+01   -8.31310463E+00   1.50095582E-01   1.08322218E-01   1.55626822E+01   -8.29177761E+00   -1.22274689E-01   1.08533479E-01   1.67610073E+00   2.30000000E+06   1.71685410E+01   1.67622793E+00   2.30000000E+06   1.71420631E+01 
0 510 2.93677394E-09   4.20232382E-08   2.33060948E-08   3.85508292E-09   4.16487778E-09   7.08419767E-10   4.73120956E-08   1.55958633E+01   -8.31331539E+00   1.49797991E-01   1.08319670E-01   1.55630989E+01   -8.29258442E+00   -1.22121513E-01   1.08530395E-01   1.67609584E+00   2.30000000E+06   1.71695309E+01   1.67622375E+00   2.30000000E+06   1.71429615E+01 
0 520 2.84560508E-09   3.96696080E-08   2.20112408E-08   3.60871577E-09   4.32690372E-09   6.89455826E-10   4.59462441E-08   1.55958786E+01   -8.31356144E+00   1.49751604E-01   1.08319134E-01   1.55634584E+01   -8.29346085E+00   -1.21925496E-01   1.08527310E-01   1.67609227E+00   2.30000000E+06   1.71702347E+01   1.67621958E+00   2.30000000E+06   1.71438522E+01 
0 530 2.78144130E-09   3.74878688E-08   2.08051194E-08   3.63213593E-09   3.98725808E-09   6.71010192E-10   4.48405437E-08   1.55955963E+01   -8.31389141E+00   1.49981305E-01   1.08320042E-01   1.55637074E+01   -8.29437160E+00   -1.21658795E-01   1.08524606E-01   1.67608976E+00   2.30000000E+06   1.71707516E+01   1.67621565E+00   2.30000000E+06   1.71446762E+01 
0 540 2.79758861E-09   3.54410723E-08   1.96955909E-08   3.79630327E-09   3.36455264E-09   6.53054111E-10   4.37638086E-08   1.55951347E+01   -8.31435204E+00   1.50430381E-01   1.08321771E-01   1.55638361E+01   -8.29529667E+00   -1.21287048E-01   1.08522445E-01   1.67608750E+00   2.30000000E+06   1.71711922E+01   1.67621219E+00   2.30000000E+06   1.71454163E+01 
0 550 2.92631186E-09   3.35062715E-08   1.86901161E-08   3.89111188E-09   2.88513213E-09   6.35568209E-10   4.28164846E-08   1.55946064E+01   -8.31498241E+00   1.50980502E-01   1.08323693E-01   1.55638723E+01   -8.29623318E+00   -1.20783940E-01   1.08520709E-01   1.67608523E+00   2.30000000E+06   1.71716633E+01   1.67620909E+00   2.30000000E+06   1.71460972E+01 
0 560 3.12950821E-09   3.16874562E-08   1.77976585E-08   3.83015708E-09   2.80509682E-09   6.18597618E-10   4.20819397E-08   1.55940962E+01   -8.31579590E+00   1.51489839E-01   1.08325325E-01   1.55638752E+01   -8.29719257E+00   -1.20143339E-01   1.08519122E-01   1.67608237E+00   2.30000000E+06   1.71722374E+01   1.67620587E+00   2.30000000E+06   1.71467781E+01 
0 570 3.32855898E-09   3.00040384E-08   1.70199197E-08   3.65737751E-09   2.88808222E-09   6.02194572E-10   4.15681463E-08   1.55936451E+01   -8.31677628E+00   1.51843876E-01   1.08326435E-01   1.55639172E+01   -8.29819107E+00   -1.19388871E-01   1.08517289E-01   1.67607880E+00   2.30000000E+06   1.71729317E+01   1.67620230E+00   2.30000000E+06   1.71475296E+01 
0 580 3.46175222E-09   2.84630381E-08   1.63366423E-08   3.44659945E-09   2.81798318E-09   5.86369064E-10   4.12019574E-08   1.55932531E+01   -8.31787300E+00   1.51987180E-01   1.08327068E-01   1.55640707E+01   -8.29923725E+00   -1.18571945E-01   1.08514838E-01   1.67607498E+00   2.30000000E+06   1.71737080E+01   1.67619812E+00   2.30000000E+06   1.71484241E+01 
0 590 3.50845641E-09   2.70516161E-08   1.57037832E-08   3.21985039E-09   2.55238208E-09   5.71105052E-10   4.08697609E-08   1.55928802E+01   -8.31901264E+00   1.51930243E-01   1.08327515E-01   1.55643921E+01   -8.30032730E+00   -1.17760062E-01   1.08511478E-01   1.67607105E+00   2.30000000E+06   1.71744843E+01   1.67619300E+00   2.30000000E+06   1.71495113E+01 
0 600 3.47752960E-09   2.57465516E-08   1.50752388E-08   2.96243541E-09   2.26867458E-09   5.56372448E-10   4.04801597E-08   1.55924683E+01   -8.32011223E+00   1.51731685E-01   1.08328238E-01   1.55649080E+01   -8.30144691E+00   -1.17023572E-01   1.08507067E-01   1.67606771E+00   2.30000000E+06   1.71751518E+01   1.67618680E+00   2.30000000E+06   1.71508121E+01 
0 610 3.38485084E-09   2.45257628E-08   1.44275543E-08   2.69778422E-09   2.14670104E-09   5.42127510E-10   3.99704838E-08   1.55919704E+01   -8.32110119E+00   1.51474133E-01   1.08329631E-01   1.55656128E+01   -8.30256748E+00   -1.16425820E-01   1.08501688E-01   1.67606533E+00   2.30000000E+06   1.71756268E+01   1.67617965E+00   2.30000000E+06   1.71523056E+01 
0 620 3.24185923E-09   2.33687434E-08   1.37675871E-08   2.51364152E-09   2.15693796E-09   5.28332600E-10   3.93402573E-08   1.55913763E+01   -8.32194233E+00   1.51233852E-01   1.08331852E-01   1.55664625E+01   -8.30365467E+00   -1.16011634E-01   1.08495586E-01   1.67606401E+00   2.30000000E+06   1.71758747E+01   1.67617190E+00   2.30000000E+06   1.71539383E+01 
0 630 3.05964298E-09   2.22555609E-08   1.31180169E-08   2.48716092E-09   2.15584040E-09   5.14957188E-10   3.85705157E-08   1.55907240E+01   -8.32263660E+00   1.51061743E-01   1.08334720E-01   1.55673914E+01   -8.30466938E+00   -1.15803629E-01   1.08489133E-01   1.67606378E+00   2.30000000E+06   1.71759281E+01   1.67616379E+00   2.30000000E+06   1.71556282E+01 
0 640 2.85997293E-09   2.11711253E-08   1.24985107E-08   2.58165689E-09   2.10430606E-09   5.01983399E-10   3.76687588E-08   1.55900908E+01   -8.32321739E+00   1.50980383E-01   1.08337782E-01   1.55683231E+01   -8.30557919E+00   -1.15792081E-01   1.08482786E-01   1.67606401E+00   2.30000000E+06   1.71758785E+01   1.67615581E+00   2.30000000E+06   1.71572857E+01 
0 650 2.67770317E-09   2.01213606E-08   1.19208980E-08   2.68214984E-09   2.07811435E-09   4.89416951E-10   3.66934287E-08   1.55895700E+01   -8.32373428E+00   1.50992468E-01   1.08340427E-01   1.55691900E+01   -8.30635452E+00   -1.15934990E-01   1.08476922E-01   1.67606425E+00   2.30000000E+06   1.71758423E+01   1.67614830E+00   2.30000000E+06   1.71588345E+01 
0 660 2.54849963E-09   1.91343261E-08   1.13925331E-08   2.69717537E-09   2.14146545E-09   4.77290485E-10   3.57418877E-08   1.55892458E+01   -8.32423687E+00   1.51089489E-01   1.08342111E-01   1.55699530E+01   -8.30698681E+00   -1.16176598E-01   1.08471788E-01   1.67606378E+00   2.30000000E+06   1.71759319E+01   1.67614162E+00   2.30000000E+06   1.71602211E+01 
0 670 2.48991383E-09   1.82461974E-08   1.09161968E-08   2.59560573E-09   2.24217556E-09   4.65641109E-10   3.49118281E-08   1.55891685E+01   -8.32475471E+00   1.51255205E-01   1.08342491E-01   1.55706024E+01   -8.30748081E+00   -1.16458014E-01   1.08467415E-01   1.67606235E+00   2.30000000E+06   1.71762199E+01   1.67613566E+00   2.30000000E+06   1.71614399E+01 
0 680 2.49235899E-09   1.74783299E-08   1.04869704E-08   2.40618148E-09   2.26044361E-09   4.54493054E-10   3.42566970E-08   1.55893469E+01   -8.32530022E+00   1.51465207E-01   1.08341485E-01   1.55711632E+01   -8.30785561E+00   -1.16725780E-01   1.08463682E-01   1.67605972E+00   2.30000000E+06   1.71767368E+01   1.67613041E+00   2.30000000E+06   1.71625099E+01 
0 690 2.52908849E-09   1.68257621E-08   1.00922568E-08   2.17803886E-09   2.11851581E-09   4.43847681E-10   3.37683446E-08   1.55897551E+01   -8.32586384E+00   1.51691750E-01   1.08339213E-01   1.55716782E+01   -8.30814457E+00   -1.16950788E-01   1.08460300E-01   1.67605603E+00   2.30000000E+06   1.71774712E+01   1.67612565E+00   2.30000000E+06   1.71634865E+01 
0 700 2.57336796E-09   1.62606550E-08   9.71733805E-09   1.95004168E-09   1.82282023E-09   4.33682729E-10   3.33870531E-08   1.55903454E+01   -8.32642841E+00   1.51913777E-01   1.08335942E-01   1.55722017E+01   -8.30838490E+00   -1.17131993E-01   1.08456932E-01   1.67605138E+00   2.30000000E+06   1.71783772E+01   1.67612100E+00   2.30000000E+06   1.71644325E+01 
0 710 2.60764899E-09   1.57452220E-08   9.35070066E-09   1.75368664E-09   1.45835888E-09   4.23968749E-10   3.30307905E-08   1.55910616E+01   -8.32697868E+00   1.52120903E-01   1.08331971E-01   1.55727797E+01   -8.30861187E+00   -1.17286190E-01   1.08453266E-01   1.67604613E+00   2.30000000E+06   1.71794033E+01   1.67611623E+00   2.30000000E+06   1.71654034E+01 
0 720 2.62219380E-09   1.52459751E-08   8.98772079E-09   1.61742109E-09   1.16370813E-09   4.14669632E-10   3.26211307E-08   1.55918522E+01   -8.32750034E+00   1.52311444E-01   1.08327575E-01   1.55734377E+01   -8.30885315E+00   -1.17435955E-01   1.08449079E-01   1.67604065E+00   2.30000000E+06   1.71804943E+01   1.67611110E+00   2.30000000E+06   1.71664391E+01 
0 730 2.61059840E-09   1.47420947E-08   8.63103100E-09   1.56417157E-09   1.04962328E-09   4.05753320E-10   3.21055964E-08   1.55926828E+01   -8.32799149E+00   1.52488619E-01   1.08322926E-01   1.55741787E+01   -8.30912590E+00   -1.17609426E-01   1.08444303E-01   1.67603493E+00   2.30000000E+06   1.71816158E+01   1.67610562E+00   2.30000000E+06   1.71675491E+01 
0 740 2.56900057E-09   1.42262833E-08   8.28642222E-09   1.59636948E-09   1.07735398E-09   3.97194749E-10   3.14618838E-08   1.55935364E+01   -8.32845211E+00   1.52655855E-01   1.08318090E-01   1.55749798E+01   -8.30942822E+00   -1.17826506E-01   1.08439028E-01   1.67602909E+00   2.30000000E+06   1.71827431E+01   1.67609990E+00   2.30000000E+06   1.71687145E+01 
0 750 2.49863530E-09   1.37022242E-08   7.95867194E-09   1.68393055E-09   1.12784593E-09   3.88978766E-10   3.06967429E-08   1.55944109E+01   -8.32889271E+00   1.52814001E-01   1.08313046E-01   1.55758028E+01   -8.30975246E+00   -1.18098453E-01   1.08433433E-01   1.67602324E+00   2.30000000E+06   1.71838799E+01   1.67609406E+00   2.30000000E+06   1.71698952E+01 
0 760 2.40779174E-09   1.31822304E-08   7.64941621E-09   1.77816506E-09   1.15071319E-09   3.81093934E-10   2.98428553E-08   1.55953197E+01   -8.32932186E+00   1.52963415E-01   1.08307712E-01   1.55766048E+01   -8.31008053E+00   -1.18425027E-01   1.08427756E-01   1.67601728E+00   2.30000000E+06   1.71850357E+01   1.67608833E+00   2.30000000E+06   1.71710472E+01 
0 770 2.31067787E-09   1.26835573E-08   7.35709449E-09   1.83231097E-09   1.16603383E-09   3.73541725E-10   2.89499837E-08   1.55962772E+01   -8.32974720E+00   1.53105885E-01   1.08301990E-01   1.55773497E+01   -8.31039524E+00   -1.18795805E-01   1.08422235E-01   1.67601120E+00   2.30000000E+06   1.71862278E+01   1.67608285E+00   2.30000000E+06   1.71721230E+01 
0 780 2.22317209E-09   1.22237029E-08   7.07915904E-09   1.81841486E-09   1.20020482E-09   3.66324304E-10   2.80682801E-08   1.55972948E+01   -8.33017063E+00   1.53243601E-01   1.08295828E-01   1.55780134E+01   -8.31068325E+00   -1.19192362E-01   1.08417012E-01   1.67600477E+00   2.30000000E+06   1.71874676E+01   1.67607808E+00   2.30000000E+06   1.71730957E+01 
0 790 2.15673568E-09   1.18139685E-08   6.81420076E-09   1.73333037E-09   1.23999733E-09   3.59438951E-10   2.72349983E-08   1.55983744E+01   -8.33059120E+00   1.53376684E-01   1.08289219E-01   1.55785923E+01   -8.31093407E+00   -1.19590692E-01   1.08412147E-01   1.67599797E+00   2.30000000E+06   1.71887627E+01   1.67607367E+00   2.30000000E+06   1.71739559E+01 
0 800 2.11443574E-09   1.14558620E-08   6.56195320E-09   1.59698765E-09   1.24236066E-09   3.52883583E-10   2.64673989E-08   1.55995102E+01   -8.33100319E+00   1.53502017E-01   1.08282223E-01   1.55790987E+01   -8.31114578E+00   -1.19967327E-01   1.08407609E-01   1.67599094E+00   2.30000000E+06   1.71901093E+01   1.67606986E+00   2.30000000E+06   1.71747131E+01 
0 810 2.09207429E-09   1.11407976E-08   6.32289598E-09   1.44085677E-09   1.17205934E-09   3.46648515E-10   2.57625583E-08   1.56006880E+01   -8.33140087E+00   1.53614148E-01   1.08274929E-01   1.55795546E+01   -8.31132317E+00   -1.20306060E-01   1.08403295E-01   1.67598379E+00   2.30000000E+06   1.71914959E+01   1.67606652E+00   2.30000000E+06   1.71753902E+01 
0 820 2.08223128E-09   1.08535954E-08   6.09702555E-09   1.29681854E-09   1.02488262E-09   3.40720702E-10   2.51027235E-08   1.56018887E+01   -8.33178139E+00   1.53706819E-01   1.08267456E-01   1.55799866E+01   -8.31147194E+00   -1.20596930E-01   1.08399078E-01   1.67597628E+00   2.30000000E+06   1.71929092E+01   1.67606330E+00   2.30000000E+06   1.71760159E+01 
0 830 2.07789763E-09   1.05776170E-08   5.88357585E-09   1.18591748E-09   8.32479807E-10   3.35084432E-10   2.44648675E-08   1.56030931E+01   -8.33213997E+00   1.53774276E-01   1.08259916E-01   1.55804167E+01   -8.31160069E+00   -1.20838381E-01   1.08394861E-01   1.67596889E+00   2.30000000E+06   1.71943302E+01   1.67606032E+00   2.30000000E+06   1.71766167E+01 
0 840 2.07311812E-09   1.02997513E-08   5.68187053E-09   1.11394960E-09   6.57223886E-10   3.29721639E-10   2.38298945E-08   1.56042795E+01   -8.33247662E+00   1.53812096E-01   1.08252414E-01   1.55808592E+01   -8.31171799E+00   -1.21036679E-01   1.08390547E-01   1.67596138E+00   2.30000000E+06   1.71957378E+01   1.67605734E+00   2.30000000E+06   1.71772137E+01 
0 850 2.06251038E-09   1.00128670E-08   5.49109558E-09   1.07762232E-09   5.69786884E-10   3.24617749E-10   2.31866704E-08   1.56054335E+01   -8.33279228E+00   1.53816849E-01   1.08245030E-01   1.55813198E+01   -8.31182861E+00   -1.21202759E-01   1.08386114E-01   1.67595410E+00   2.30000000E+06   1.71971207E+01   1.67605424E+00   2.30000000E+06   1.71778145E+01 
0 860 2.04118056E-09   9.71548708E-09   5.31000355E-09   1.07213416E-09   5.82984605E-10   3.19756166E-10   2.25318235E-08   1.56065435E+01   -8.33308887E+00   1.53786004E-01   1.08237803E-01   1.55817957E+01   -8.31193161E+00   -1.21348739E-01   1.08381577E-01   1.67594695E+00   2.30000000E+06   1.71984653E+01   1.67605114E+00   2.30000000E+06   1.71784210E+01 
0 870 2.00557726E-09   9.40997147E-09   5.13646237E-09   1.09310339E-09   6.33456787E-10   3.15125565E-10   2.18685088E-08   1.56076050E+01   -8.33337307E+00   1.53717995E-01   1.08230762E-01   1.55822773E+01   -8.31202602E+00   -1.21486053E-01   1.08376995E-01   1.67594004E+00   2.30000000E+06   1.71997662E+01   1.67604804E+00   2.30000000E+06   1.71790237E+01 
0 880 1.95456096E-09   9.10095554E-09   4.96780883E-09   1.13367749E-09   6.68217037E-10   3.10712761E-10   2.12046398E-08   1.56086149E+01   -8.33364964E+00   1.53612271E-01   1.08223885E-01   1.55827494E+01   -8.31210804E+00   -1.21624693E-01   1.08372435E-01   1.67593336E+00   2.30000000E+06   1.72010231E+01   1.67604518E+00   2.30000000E+06   1.71796074E+01 
0 890 1.89003257E-09   8.79409878E-09   4.80200990E-09   1.18060972E-09   6.77708945E-10   3.06505377E-10   2.05488693E-08   1.56095762E+01   -8.33392429E+00   1.53469786E-01   1.08217157E-01   1.55831985E+01   -8.31217384E+00   -1.21771351E-01   1.08367994E-01   1.67592680E+00   2.30000000E+06   1.72022362E+01   1.67604232E+00   2.30000000E+06   1.71801567E+01 
0 900 1.81663273E-09   8.49448067E-09   4.63834526E-09   1.21765442E-09   6.79137691E-10   3.02494113E-10   1.99092547E-08   1.56104898E+01   -8.33420277E+00   1.53293788E-01   1.08210556E-01   1.55836134E+01   -8.31222057E+00   -1.21928304E-01   1.08363718E-01   1.67592049E+00   2.30000000E+06   1.72034073E+01   1.67603981E+00   2.30000000E+06   1.71806602E+01 
0 910 1.74047277E-09   8.20601898E-09   4.47760762E-09   1.23261357E-09   6.92730984E-10   2.98668423E-10   1.92920471E-08   1.56113586E+01   -8.33448792E+00   1.53089806E-01   1.08204067E-01   1.55839882E+01   -8.31224823E+00   -1.22094102E-01   1.08359665E-01   1.67591441E+00   2.30000000E+06   1.72045403E+01   1.67603743E+00   2.30000000E+06   1.71811085E+01 
0 920 1.66761294E-09   7.93115351E-09   4.32214486E-09   1.21984856E-09   7.23644866E-10   2.95017788E-10   1.87014990E-08   1.56121807E+01   -8.33477879E+00   1.52864546E-01   1.08197682E-01   1.55843220E+01   -8.31225586E+00   -1.22265130E-01   1.08355820E-01   1.67590857E+00   2.30000000E+06   1.72056293E+01   1.67603540E+00   2.30000000E+06   1.71815033E+01 
0 930 1.60294933E-09   7.67050334E-09   4.17488044E-09   1.17938592E-09   7.59103169E-10   2.91535990E-10   1.81397084E-08   1.56129551E+01   -8.33507442E+00   1.52624890E-01   1.08191431E-01   1.55846186E+01   -8.31224728E+00   -1.22436456E-01   1.08352192E-01   1.67590296E+00   2.30000000E+06   1.72066765E+01   1.67603374E+00   2.30000000E+06   1.71818466E+01 
0 940 1.54970603E-09   7.42324380E-09   4.03812628E-09   1.11551601E-09   7.80623566E-10   2.88216506E-10   1.76064834E-08   1.56136808E+01   -8.33537292E+00   1.52378753E-01   1.08185336E-01   1.55848846E+01   -8.31222343E+00   -1.22602113E-01   1.08348727E-01   1.67589748E+00   2.30000000E+06   1.72076721E+01   1.67603219E+00   2.30000000E+06   1.71821480E+01 
0 950 1.50931012E-09   7.18790449E-09   3.91297750E-09   1.03538689E-09   7.74663056E-10   2.85055868E-10   1.71001275E-08   1.56143541E+01   -8.33566761E+00   1.52134567E-01   1.08179420E-01   1.55851269E+01   -8.31219006E+00   -1.22756064E-01   1.08345397E-01   1.67589235E+00   2.30000000E+06   1.72086143E+01   1.67603076E+00   2.30000000E+06   1.71824131E+01 
0 960 1.48124524E-09   6.96275215E-09   3.79869514E-09   9.47863898E-10   7.35817185E-10   2.82047191E-10   1.66169318E-08   1.56149778E+01   -8.33595562E+00   1.51900277E-01   1.08173706E-01   1.55853519E+01   -8.31214714E+00   -1.22892842E-01   1.08342178E-01   1.67588758E+00   2.30000000E+06   1.72094994E+01   1.67602956E+00   2.30000000E+06   1.71826515E+01 
0 970 1.46315904E-09   6.74598732E-09   3.69284980E-09   8.63016714E-10   6.66070088E-10   2.79185036E-10   1.61532050E-08   1.56155539E+01   -8.33623409E+00   1.51682213E-01   1.08168185E-01   1.55855627E+01   -8.31209946E+00   -1.23007998E-01   1.08339056E-01   1.67588305E+00   2.30000000E+06   1.72103271E+01   1.67602849E+00   2.30000000E+06   1.71828671E+01 
0 980 1.45121160E-09   6.53582521E-09   3.59208330E-09   7.91135601E-10   5.74271797E-10   2.76464879E-10   1.57056625E-08   1.56160860E+01   -8.33650112E+00   1.51484445E-01   1.08162850E-01   1.55857592E+01   -8.31204700E+00   -1.23098783E-01   1.08336031E-01   1.67587888E+00   2.30000000E+06   1.72110996E+01   1.67602742E+00   2.30000000E+06   1.71830635E+01 
0 990 1.44080026E-09   6.33050234E-09   3.49303186E-09   7.39562633E-10   4.77011985E-10   2.73878809E-10   1.52704924E-08   1.56165819E+01   -8.33675766E+00   1.51308194E-01   1.08157679E-01   1.55859413E+01   -8.31199169E+00   -1.23165123E-01   1.08333103E-01   1.67587483E+00   2.30000000E+06   1.72118225E+01   1.67602658E+00   2.30000000E+06   1.71832390E+01 
0 1000 1.42740930E-09   6.12832496E-09   3.39305917E-09   7.10830395E-10   4.00269456E-10   2.71414141E-10   1.48433230E-08   1.56170483E+01   -8.33700466E+00   1.51151210E-01   1.08152635E-01   1.55861082E+01   -8.31193542E+00   -1.23209752E-01   1.08330287E-01   1.67587113E+00   2.30000000E+06   1.72124996E+01   1.67602575E+00   2.30000000E+06   1.71833954E+01 
0 1010 1.40737366E-09   5.92806160E-09   3.29099126E-09   7.02517156E-10   3.72763209E-10   2.69057249E-10   1.44201122E-08   1.56174889E+01   -8.33724594E+00   1.51008114E-01   1.08147688E-01   1.55862598E+01   -8.31187916E+00   -1.23237550E-01   1.08327568E-01   1.67586768E+00   2.30000000E+06   1.72131405E+01   1.67602503E+00   2.30000000E+06   1.71835346E+01 
0 1020 1.37833722E-09   5.72927217E-09   3.18720783E-09   7.09535153E-10   3.98294758E-10   2.66795697E-10   1.39980161E-08   1.56179094E+01   -8.33748341E+00   1.50871649E-01   1.08142823E-01   1.55863953E+01   -8.31182575E+00   -1.23254582E-01   1.08324945E-01   1.67586434E+00   2.30000000E+06   1.72137489E+01   1.67602444E+00   2.30000000E+06   1.71836548E+01 
0 1030 1.33949452E-09   5.53252555E-09   3.08333736E-09   7.26978311E-10   4.47256537E-10   2.64617467E-10   1.35765834E-08   1.56183128E+01   -8.33771896E+00   1.50734395E-01   1.08138010E-01   1.55865173E+01   -8.31177711E+00   -1.23267449E-01   1.08322404E-01   1.67586112E+00   2.30000000E+06   1.72143307E+01   1.67602384E+00   2.30000000E+06   1.71837597E+01 
0 1040 1.29167677E-09   5.33936584E-09   2.98152569E-09   7.49854234E-10   4.88657170E-10   2.62509792E-10   1.31582203E-08   1.56187000E+01   -8.33795357E+00   1.50590256E-01   1.08133242E-01   1.55866270E+01   -8.31173515E+00   -1.23282529E-01   1.08319923E-01   1.67585802E+00   2.30000000E+06   1.72148857E+01   1.67602336E+00   2.30000000E+06   1.71838531E+01 
0 1050 1.23736676E-09   5.15215071E-09   2.88359825E-09   7.71596176E-10   5.07170250E-10   2.60464622E-10   1.27475239E-08   1.56190691E+01   -8.33818436E+00   1.50435686E-01   1.08128525E-01   1.55867290E+01   -8.31170177E+00   -1.23304941E-01   1.08317472E-01   1.67585516E+00   2.30000000E+06   1.72154140E+01   1.67602301E+00   2.30000000E+06   1.71839371E+01 
0 1060 1.18053178E-09   4.97361352E-09   2.79044055E-09   7.83533127E-10   5.02489939E-10   2.58479932E-10   1.23503670E-08   1.56194181E+01   -8.33840752E+00   1.50270492E-01   1.08123891E-01   1.55868235E+01   -8.31167507E+00   -1.23337612E-01   1.08315036E-01   1.67585242E+00   2.30000000E+06   1.72159138E+01   1.67602253E+00   2.30000000E+06   1.71840134E+01 
0 1070 1.12605791E-09   4.80624651E-09   2.70189315E-09   7.76524900E-10   4.85111895E-10   2.56556415E-10   1.19724444E-08   1.56197443E+01   -8.33861732E+00   1.50098175E-01   1.08119354E-01   1.55869122E+01   -8.31165409E+00   -1.23380698E-01   1.08312614E-01   1.67584980E+00   2.30000000E+06   1.72163754E+01   1.67602217E+00   2.30000000E+06   1.71840820E+01 
0 1080 1.07863884E-09   4.65168615E-09   2.61722777E-09   7.44619810E-10   4.68271866E-10   2.54694515E-10   1.16179519E-08   1.56200457E+01   -8.33880997E+00   1.49925321E-01   1.08114950E-01   1.55869961E+01   -8.31163597E+00   -1.23431586E-01   1.08310200E-01   1.67584741E+00   2.30000000E+06   1.72168007E+01   1.67602193E+00   2.30000000E+06   1.71841450E+01 
0 1090 1.04130704E-09   4.51023174E-09   2.53574983E-09   6.88305024E-10   4.57390598E-10   2.52897120E-10   1.12887957E-08   1.56203184E+01   -8.33898163E+00   1.49760142E-01   1.08110696E-01   1.55870714E+01   -8.31161785E+00   -1.23485491E-01   1.08307824E-01   1.67584538E+00   2.30000000E+06   1.72171803E+01   1.67602158E+00   2.30000000E+06   1.71841965E+01 
0 1100 1.01439046E-09   4.38064651E-09   2.45720710E-09   6.15901552E-10   4.45075726E-10   2.51166588E-10   1.09838476E-08   1.56205635E+01   -8.33912849E+00   1.49610698E-01   1.08106621E-01   1.55871372E+01   -8.31159687E+00   -1.23536602E-01   1.08305484E-01   1.67584348E+00   2.30000000E+06   1.72175179E+01   1.67602146E+00   2.30000000E+06   1.71842346E+01 
0 1110 9.95650451E-10   4.26026414E-09   2.38160269E-09   5.42436374E-10   4.18450885E-10   2.49502086E-10   1.06987637E-08   1.56207829E+01   -8.33925343E+00   1.49483025E-01   1.08102702E-01   1.55871916E+01   -8.31157017E+00   -1.23579443E-01   1.08303204E-01   1.67584181E+00   2.30000000E+06   1.72178135E+01   1.67602134E+00   2.30000000E+06   1.71842594E+01 
0 1120 9.81353998E-10   4.14544354E-09   2.30874275E-09   4.84565721E-10   3.70805775E-10   2.47898868E-10   1.04269677E-08   1.56209784E+01   -8.33935642E+00   1.49379969E-01   1.08098947E-01   1.55872335E+01   -8.31153870E+00   -1.23609968E-01   1.08300999E-01   1.67584038E+00   2.30000000E+06   1.72180710E+01   1.67602122E+00   2.30000000E+06   1.71842670E+01 
0 1130 9.67593006E-10   4.03242684E-09   2.23802199E-09   4.52979959E-10   3.09148873E-10   2.46351439E-10   1.01615383E-08   1.56211557E+01   -8.33944416E+00   1.49300560E-01   1.08095303E-01   1.55872641E+01   -8.31150150E+00   -1.23626225E-01   1.08298853E-01   1.67583919E+00   2.30000000E+06   1.72182980E+01   1.67602134E+00   2.30000000E+06   1.71842613E+01 
0 1140 9.51180912E-10   3.91825061E-09   2.16866369E-09   4.45950971E-10   2.57306954E-10   2.44854192E-10   9.89681581E-09   1.56213198E+01   -8.33952045E+00   1.49240434E-01   1.08091757E-01   1.55872860E+01   -8.31146336E+00   -1.23628639E-01   1.08296759E-01   1.67583799E+00   2.30000000E+06   1.72185020E+01   1.67602134E+00   2.30000000E+06   1.71842442E+01 
0 1150 9.29919364E-10   3.80137832E-09   2.10032414E-09   4.53451637E-10   2.46200144E-10   2.43399245E-10   9.62992619E-09   1.56214743E+01   -8.33959198E+00   1.49192959E-01   1.08088255E-01   1.55873003E+01   -8.31142616E+00   -1.23619638E-01   1.08294696E-01   1.67583692E+00   2.30000000E+06   1.72186909E+01   1.67602146E+00   2.30000000E+06   1.71842213E+01 
0 1160 9.02601049E-10   3.68204445E-09   2.03338235E-09   4.66609418E-10   2.76293211E-10   2.41979076E-10   9.36119537E-09   1.56216240E+01   -8.33966064E+00   1.49150774E-01   1.08084776E-01   1.55873108E+01   -8.31139374E+00   -1.23603076E-01   1.08292632E-01   1.67583597E+00   2.30000000E+06   1.72188721E+01   1.67602158E+00   2.30000000E+06   1.71841946E+01 
0 1170 8.69056882E-10   3.56205665E-09   1.96867034E-09   4.80886886E-10   3.15586252E-10   2.40587716E-10   9.09434927E-09   1.56217699E+01   -8.33973026E+00   1.49107143E-01   1.08081296E-01   1.55873222E+01   -8.31136894E+00   -1.23583429E-01   1.08290531E-01   1.67583501E+00   2.30000000E+06   1.72190456E+01   1.67602181E+00   2.30000000E+06   1.71841717E+01 
0 1180 8.30335078E-10   3.44418138E-09   1.90684712E-09   4.93552477E-10   3.39769518E-10   2.39220643E-10   8.83482532E-09   1.56219130E+01   -8.33979988E+00   1.49057284E-01   1.08077817E-01   1.55873356E+01   -8.31135273E+00   -1.23565048E-01   1.08288385E-01   1.67583406E+00   2.30000000E+06   1.72192135E+01   1.67602181E+00   2.30000000E+06   1.71841526E+01 
0 1190 7.88754173E-10   3.33139161E-09   1.84793469E-09   5.00819719E-10   3.42558398E-10   2.37875247E-10   8.58772431E-09   1.56220512E+01   -8.33986855E+00   1.48999110E-01   1.08074337E-01   1.55873528E+01   -8.31134605E+00   -1.23551287E-01   1.08286172E-01   1.67583323E+00   2.30000000E+06   1.72193718E+01   1.67602193E+00   2.30000000E+06   1.71841412E+01 
0 1200 7.47587714E-10   3.22620641E-09   1.79137083E-09   4.97572150E-10   3.30549588E-10   2.36551390E-10   8.35782732E-09   1.56221809E+01   -8.33993149E+00   1.48933515E-01   1.08070880E-01   1.55873737E+01   -8.31134605E+00   -1.23543963E-01   1.08283892E-01   1.67583239E+00   2.30000000E+06   1.72195206E+01   1.67602193E+00   2.30000000E+06   1.71841354E+01 
0 1210 7.10247472E-10   3.13011350E-09   1.73662829E-09   4.80109508E-10   3.15866305E-10   2.35251180E-10   8.14728285E-09   1.56223011E+01   -8.33998775E+00   1.48863852E-01   1.08067468E-01   1.55873966E+01   -8.31135082E+00   -1.23543262E-01   1.08281553E-01   1.67583168E+00   2.30000000E+06   1.72196522E+01   1.67602193E+00   2.30000000E+06   1.71841335E+01 
0 1220 6.79200030E-10   3.04340331E-09   1.68378211E-09   4.48335785E-10   3.06626530E-10   2.33977698E-10   7.95532173E-09   1.56224070E+01   -8.34003258E+00   1.48795113E-01   1.08064122E-01   1.55874205E+01   -8.31135750E+00   -1.23547897E-01   1.08279184E-01   1.67583096E+00   2.30000000E+06   1.72197628E+01   1.67602193E+00   2.30000000E+06   1.71841335E+01 
0 1230 6.55130949E-10   2.96519076E-09   1.63358860E-09   4.07304329E-10   3.00588276E-10   2.32733138E-10   7.77853870E-09   1.56224985E+01   -8.34006500E+00   1.48732662E-01   1.08060852E-01   1.55874405E+01   -8.31136417E+00   -1.23555578E-01   1.08276792E-01   1.67583048E+00   2.30000000E+06   1.72198524E+01   1.67602193E+00   2.30000000E+06   1.71841297E+01 
0 1240 6.36891428E-10   2.89352609E-09   1.58692204E-09   3.66138980E-10   2.88806201E-10   2.31518651E-10   7.61221042E-09   1.56225739E+01   -8.34008598E+00   1.48681059E-01   1.08057663E-01   1.55874577E+01   -8.31136703E+00   -1.23563617E-01   1.08274393E-01   1.67583013E+00   2.30000000E+06   1.72199192E+01   1.67602205E+00   2.30000000E+06   1.71841221E+01 
0 1250 6.22214003E-10   2.82585355E-09   1.54401691E-09   3.34752254E-10   2.64854999E-10   2.30334349E-10   7.45146345E-09   1.56226368E+01   -8.34009647E+00   1.48643166E-01   1.08054541E-01   1.55874681E+01   -8.31136513E+00   -1.23569481E-01   1.08272016E-01   1.67582989E+00   2.30000000E+06   1.72199650E+01   1.67602205E+00   2.30000000E+06   1.71841068E+01 
0 1260 6.08615491E-10   2.75948309E-09   1.50421198E-09   3.18976151E-10   2.30690772E-10   2.29178523E-10   7.29231209E-09   1.56226873E+01   -8.34009933E+00   1.48619756E-01   1.08051486E-01   1.55874729E+01   -8.31135941E+00   -1.23571195E-01   1.08269654E-01   1.67582977E+00   2.30000000E+06   1.72199936E+01   1.67602217E+00   2.30000000E+06   1.71840839E+01 
0 1270 5.94056415E-10   2.69217937E-09   1.46629608E-09   3.17318449E-10   1.98355443E-10   2.28048039E-10   7.13233028E-09   1.56227322E+01   -8.34009743E+00   1.48609549E-01   1.08048454E-01   1.55874710E+01   -8.31134987E+00   -1.23567559E-01   1.08267300E-01   1.67582965E+00   2.30000000E+06   1.72200127E+01   1.67602241E+00   2.30000000E+06   1.71840553E+01 
0 1280 5.77140613E-10   2.62271160E-09   1.42914724E-09   3.23343435E-10   1.85365362E-10   2.26939481E-10   6.97107261E-09   1.56227732E+01   -8.34009457E+00   1.48609579E-01   1.08045429E-01   1.55874662E+01   -8.31133842E+00   -1.23558320E-01   1.08264960E-01   1.67582953E+00   2.30000000E+06   1.72200260E+01   1.67602253E+00   2.30000000E+06   1.71840210E+01 
0 1290 5.57097923E-10   2.55106558E-09   1.39226830E-09   3.31196764E-10   1.98185190E-10   2.25849783E-10   6.81007029E-09   1.56228142E+01   -8.34009457E+00   1.48615882E-01   1.08042374E-01   1.55874586E+01   -8.31132698E+00   -1.23544030E-01   1.08262606E-01   1.67582941E+00   2.30000000E+06   1.72200394E+01   1.67602277E+00   2.30000000E+06   1.71839848E+01 
0 1300 5.33739331E-10   2.47835130E-09   1.35586387E-09   3.37602585E-10   2.23467495E-10   2.24775976E-10   6.65237820E-09   1.56228580E+01   -8.34009743E+00   1.48624271E-01   1.08039282E-01   1.55874510E+01   -8.31131840E+00   -1.23525932E-01   1.08260229E-01   1.67582941E+00   2.30000000E+06   1.72200565E+01   1.67602289E+00   2.30000000E+06   1.71839504E+01 
0 1310 5.07474229E-10   2.40643083E-09   1.32050348E-09   3.41405848E-10   2.44781556E-10   2.23715615E-10   6.50159881E-09   1.56229057E+01   -8.34010506E+00   1.48630917E-01   1.08036138E-01   1.55874453E+01   -8.31131268E+00   -1.23505697E-01   1.08257815E-01   1.67582929E+00   2.30000000E+06   1.72200775E+01   1.67602301E+00   2.30000000E+06   1.71839218E+01 
0 1320 4.79360884E-10   2.33738873E-09   1.28672328E-09   3.41980916E-10   2.54138904E-10   2.22667176E-10   6.36088959E-09   1.56229563E+01   -8.34011650E+00   1.48633048E-01   1.08032934E-01   1.55874443E+01   -8.31131268E+00   -1.23485193E-01   1.08255349E-01   1.67582917E+00   2.30000000E+06   1.72201023E+01   1.67602313E+00   2.30000000E+06   1.71838970E+01 
0 1330 4.50975202E-10   2.27310348E-09   1.25485666E-09   3.38147121E-10   2.50899884E-10   2.21630048E-10   6.23202379E-09   1.56230078E+01   -8.34013081E+00   1.48629233E-01   1.08029693E-01   1.55874472E+01   -8.31131649E+00   -1.23466171E-01   1.08252831E-01   1.67582893E+00   2.30000000E+06   1.72201309E+01   1.67602324E+00   2.30000000E+06   1.71838818E+01 
0 1340 4.24105528E-10   2.21478635E-09   1.22498933E-09   3.29084343E-10   2.39089221E-10   2.20604271E-10   6.11491924E-09   1.56230593E+01   -8.34014511E+00   1.48619503E-01   1.08026423E-01   1.55874538E+01   -8.31132412E+00   -1.23450078E-01   1.08250260E-01   1.67582881E+00   2.30000000E+06   1.72201576E+01   1.67602324E+00   2.30000000E+06   1.71838703E+01 
0 1350 4.00290412E-10   2.16277374E-09   1.19711852E-09   3.14863469E-10   2.24359642E-10   2.19590790E-10   6.00808203E-09   1.56231070E+01   -8.34015846E+00   1.48605138E-01   1.08023144E-01   1.55874643E+01   -8.31133461E+00   -1.23437859E-01   1.08247645E-01   1.67582870E+00   2.30000000E+06   1.72201805E+01   1.67602336E+00   2.30000000E+06   1.71838646E+01 
0 1360 3.80357995E-10   2.11658113E-09   1.17117316E-09   2.96788844E-10   2.11201528E-10   2.18590854E-10   5.90902216E-09   1.56231489E+01   -8.34016895E+00   1.48588374E-01   1.08019866E-01   1.55874767E+01   -8.31134510E+00   -1.23429917E-01   1.08244993E-01   1.67582858E+00   2.30000000E+06   1.72201958E+01   1.67602336E+00   2.30000000E+06   1.71838627E+01 
0 1370 3.64204861E-10   2.07500173E-09   1.14701570E-09   2.77734002E-10   2.01049247E-10   2.17605614E-10   5.81500403E-09   1.56231833E+01   -8.34017467E+00   1.48571908E-01   1.08016603E-01   1.55874910E+01   -8.31135559E+00   -1.23426035E-01   1.08242325E-01   1.67582858E+00   2.30000000E+06   1.72202015E+01   1.67602336E+00   2.30000000E+06   1.71838627E+01 
0 1380 3.50909246E-10   2.03643769E-09   1.12429710E-09   2.60918759E-10   1.92719896E-10   2.16635918E-10   5.72346037E-09   1.56232100E+01   -8.34017754E+00   1.48558423E-01   1.08013362E-01   1.55875034E+01   -8.31136513E+00   -1.23425409E-01   1.08239643E-01   1.67582858E+00   2.30000000E+06   1.72201977E+01   1.67602336E+00   2.30000000E+06   1.71838608E+01 
0 1390 3.39144518E-10   1.99920991E-09   1.10246168E-09   2.49114673E-10   1.84656374E-10   2.15682180E-10   5.63239544E-09   1.56232281E+01   -8.34017658E+00   1.48550272E-01   1.08010136E-01   1.55875139E+01   -8.31137085E+00   -1.23426795E-01   1.08236969E-01   1.67582870E+00   2.30000000E+06   1.72201862E+01   1.67602336E+00   2.30000000E+06   1.71838551E+01 
0 1400 3.27622512E-10   1.96190153E-09   1.08092313E-09   2.43520426E-10   1.76593712E-10   2.14744361E-10   5.54081225E-09   1.56232414E+01   -8.34017372E+00   1.48548990E-01   1.08006917E-01   1.55875216E+01   -8.31137466E+00   -1.23428620E-01   1.08234301E-01   1.67582870E+00   2.30000000E+06   1.72201672E+01   1.67602336E+00   2.30000000E+06   1.71838474E+01 
0 1410 3.15392767E-10   1.92363037E-09   1.05922771E-09   2.43220916E-10   1.69803116E-10   2.13821669E-10   5.44840706E-09   1.56232519E+01   -8.34016991E+00   1.48555100E-01   1.08003698E-01   1.55875254E+01   -8.31137466E+00   -1.23429239E-01   1.08231649E-01   1.67582893E+00   2.30000000E+06   1.72201443E+01   1.67602348E+00   2.30000000E+06   1.71838341E+01 
0 1420 3.01975889E-10   1.88417415E-09   1.03725761E-09   2.46124121E-10   1.66259298E-10   2.12913326E-10   5.35588862E-09   1.56232615E+01   -8.34016705E+00   1.48568124E-01   1.08000457E-01   1.55875263E+01   -8.31137371E+00   -1.23427242E-01   1.08229004E-01   1.67582905E+00   2.30000000E+06   1.72201214E+01   1.67602360E+00   2.30000000E+06   1.71838188E+01 
0 1430 2.87337015E-10   1.84400784E-09   1.01528264E-09   2.49797349E-10   1.67055800E-10   2.12018222E-10   5.26460653E-09   1.56232729E+01   -8.34016705E+00   1.48586571E-01   1.07997179E-01   1.55875254E+01   -8.31137180E+00   -1.23421654E-01   1.08226359E-01   1.67582917E+00   2.30000000E+06   1.72201004E+01   1.67602360E+00   2.30000000E+06   1.71838017E+01 
0 1440 2.71787509E-10   1.80407678E-09   9.93831906E-10   2.52093346E-10   1.71410774E-10   2.11134943E-10   5.17622389E-09   1.56232882E+01   -8.34017086E+00   1.48608223E-01   1.07993849E-01   1.55875244E+01   -8.31136990E+00   -1.23412117E-01   1.08223721E-01   1.67582917E+00   2.30000000E+06   1.72200851E+01   1.67602372E+00   2.30000000E+06   1.71837826E+01 
0 1450 2.55857169E-10   1.76553172E-09   9.73490621E-10   2.51726334E-10   1.77080087E-10   2.10261974E-10   5.09226084E-09   1.56233082E+01   -8.34017849E+00   1.48630500E-01   1.07990466E-01   1.55875235E+01   -8.31136894E+00   -1.23398997E-01   1.08221069E-01   1.67582929E+00   2.30000000E+06   1.72200775E+01   1.67602384E+00   2.30000000E+06   1.71837673E+01 
0 1460 2.40138992E-10   1.72946313E-09   9.54693213E-10   2.48297022E-10   1.81238941E-10   2.09397916E-10   5.01364950E-09   1.56233330E+01   -8.34018898E+00   1.48650914E-01   1.07987031E-01   1.55875254E+01   -8.31137085E+00   -1.23383291E-01   1.08218394E-01   1.67582929E+00   2.30000000E+06   1.72200756E+01   1.67602396E+00   2.30000000E+06   1.71837540E+01 
0 1470 2.25177182E-10   1.69660108E-09   9.37583677E-10   2.42062925E-10   1.81739207E-10   2.08541712E-10   4.94073937E-09   1.56233616E+01   -8.34020329E+00   1.48667425E-01   1.07983552E-01   1.55875311E+01   -8.31137562E+00   -1.23366527E-01   1.08215690E-01   1.67582929E+00   2.30000000E+06   1.72200794E+01   1.67602396E+00   2.30000000E+06   1.71837463E+01 
0 1480 2.11385645E-10   1.66718939E-09   9.22008969E-10   2.33921604E-10   1.77659054E-10   2.07692558E-10   4.87337326E-09   1.56233921E+01   -8.34021854E+00   1.48678824E-01   1.07980028E-01   1.55875406E+01   -8.31138325E+00   -1.23350471E-01   1.08212955E-01   1.67582917E+00   2.30000000E+06   1.72200851E+01   1.67602396E+00   2.30000000E+06   1.71837425E+01 
0 1490 1.99018135E-10   1.64096359E-09   9.07567466E-10   2.25069380E-10   1.69587691E-10   2.06849995E-10   4.81072959E-09   1.56234226E+01   -8.34023476E+00   1.48684919E-01   1.07976481E-01   1.55875540E+01   -8.31139278E+00   -1.23336814E-01   1.08210199E-01   1.67582917E+00   2.30000000E+06   1.72200947E+01   1.67602396E+00   2.30000000E+06   1.71837444E+01 
0 1500 1.88157073E-10   1.61728775E-09   8.93788432E-10   2.16624774E-10   1.59567068E-10   2.06013970E-10   4.75158668E-09   1.56234512E+01   -8.34025002E+00   1.48686498E-01   1.07972927E-01   1.55875711E+01   -8.31140327E+00   -1.23326890E-01   1.08207412E-01   1.67582917E+00   2.30000000E+06   1.72201004E+01   1.67602396E+00   2.30000000E+06   1.71837521E+01 
0 1510 1.78714710E-10   1.59530922E-09   8.80237050E-10   2.09233603E-10   1.50533419E-10   2.05184772E-10   4.69451678E-09   1.56234760E+01   -8.34026241E+00   1.48685202E-01   1.07969373E-01   1.55875902E+01   -8.31141376E+00   -1.23321407E-01   1.08204603E-01   1.67582905E+00   2.30000000E+06   1.72201042E+01   1.67602384E+00   2.30000000E+06   1.71837616E+01 
0 1520 1.70436873E-10   1.57416824E-09   8.66610339E-10   2.03175199E-10   1.45020121E-10   2.04362999E-10   4.63830130E-09   1.56234961E+01   -8.34027386E+00   1.48683235E-01   1.07965827E-01   1.55876102E+01   -8.31142426E+00   -1.23320311E-01   1.08201787E-01   1.67582917E+00   2.30000000E+06   1.72201004E+01   1.67602384E+00   2.30000000E+06   1.71837711E+01 
0 1530 1.62934596E-10   1.55315605E-09   8.52767912E-10   1.98520936E-10   1.43595261E-10   2.03549372E-10   4.58194727E-09   1.56235132E+01   -8.34028244E+00   1.48682833E-01   1.07962288E-01   1.55876303E+01   -8.31143379E+00   -1.23322815E-01   1.08198978E-01   1.67582917E+00   2.30000000E+06   1.72200947E+01   1.67602372E+00   2.30000000E+06   1.71837788E+01 
0 1540 1.55761612E-10   1.53187307E-09   8.38774217E-10   1.95330821E-10   1.44518772E-10   2.02744516E-10   4.52490845E-09   1.56235256E+01   -8.34029007E+00   1.48685962E-01   1.07958749E-01   1.55876484E+01   -8.31144047E+00   -1.23327546E-01   1.08196177E-01   1.67582917E+00   2.30000000E+06   1.72200832E+01   1.67602372E+00   2.30000000E+06   1.71837845E+01 
0 1550 1.48552837E-10   1.51020851E-09   8.24789126E-10   1.93756872E-10   1.45322629E-10   2.01948833E-10   4.46697745E-09   1.56235371E+01   -8.34029579E+00   1.48693830E-01   1.07955210E-01   1.55876637E+01   -8.31144524E+00   -1.23332813E-01   1.08193390E-01   1.67582929E+00   2.30000000E+06   1.72200680E+01   1.67602372E+00   2.30000000E+06   1.71837883E+01 
0 1560 1.41143222E-10   1.48830137E-09   8.11041012E-10   1.93645378E-10   1.44516329E-10   2.01162378E-10   4.40854375E-09   1.56235485E+01   -8.34030342E+00   1.48706719E-01   1.07951663E-01   1.55876760E+01   -8.31144810E+00   -1.23336926E-01   1.08190618E-01   1.67582941E+00   2.30000000E+06   1.72200546E+01   1.67602372E+00   2.30000000E+06   1.71837864E+01 
0 1570 1.33621517E-10   1.46647072E-09   7.97761357E-10   1.94247549E-10   1.42335740E-10   2.00384834E-10   4.35033787E-09   1.56235619E+01   -8.34031105E+00   1.48723930E-01   1.07948087E-01   1.55876865E+01   -8.31145000E+00   -1.23338513E-01   1.08187862E-01   1.67582941E+00   2.30000000E+06   1.72200451E+01   1.67602372E+00   2.30000000E+06   1.71837845E+01 
0 1580 1.26258420E-10   1.44512069E-09   7.85148113E-10   1.94512503E-10   1.40180464E-10   1.99615435E-10   4.29320757E-09   1.56235781E+01   -8.34032249E+00   1.48743942E-01   1.07944481E-01   1.55876961E+01   -8.31145096E+00   -1.23336785E-01   1.08185112E-01   1.67582941E+00   2.30000000E+06   1.72200394E+01   1.67602372E+00   2.30000000E+06   1.71837788E+01 
0 1590 1.19349072E-10   1.42463163E-09   7.73330899E-10   1.93487185E-10   1.39309272E-10   1.98853156E-10   4.23810542E-09   1.56235991E+01   -8.34033585E+00   1.48764774E-01   1.07940838E-01   1.55877047E+01   -8.31145287E+00   -1.23331659E-01   1.08182371E-01   1.67582953E+00   2.30000000E+06   1.72200375E+01   1.67602384E+00   2.30000000E+06   1.71837749E+01 
0 1600 1.13035512E-10   1.40531142E-09   7.62356012E-10   1.90725158E-10   1.39568870E-10   1.98096844E-10   4.18578550E-09   1.56236238E+01   -8.34035206E+00   1.48784295E-01   1.07937157E-01   1.55877151E+01   -8.31145573E+00   -1.23323776E-01   1.08179614E-01   1.67582941E+00   2.30000000E+06   1.72200432E+01   1.67602384E+00   2.30000000E+06   1.71837711E+01 
0 1610 1.07247683E-10   1.38732092E-09   7.52166607E-10   1.86560586E-10   1.39471670E-10   1.97345307E-10   4.13665280E-09   1.56236525E+01   -8.34037018E+00   1.48800716E-01   1.07933447E-01   1.55877275E+01   -8.31146145E+00   -1.23314306E-01   1.08176842E-01   1.67582941E+00   2.30000000E+06   1.72200546E+01   1.67602384E+00   2.30000000E+06   1.71837730E+01 
0 1620 1.01801303E-10   1.37063549E-09   7.42608419E-10   1.81851076E-10   1.37416800E-10   1.96597613E-10   4.09081347E-09   1.56236839E+01   -8.34039021E+00   1.48812890E-01   1.07929714E-01   1.55877447E+01   -8.31146908E+00   -1.23304777E-01   1.08174048E-01   1.67582929E+00   2.30000000E+06   1.72200680E+01   1.67602372E+00   2.30000000E+06   1.71837788E+01 
0 1630 9.65630909E-11   1.35506539E-09   7.33469563E-10   1.77472231E-10   1.32897429E-10   1.95853292E-10   4.04797573E-09   1.56237154E+01   -8.34041023E+00   1.48820519E-01   1.07925959E-01   1.55877638E+01   -8.31147766E+00   -1.23296693E-01   1.08171232E-01   1.67582917E+00   2.30000000E+06   1.72200851E+01   1.67602372E+00   2.30000000E+06   1.71837883E+01 
0 1640 9.15785850E-11   1.34032530E-09   7.24524607E-10   1.73868489E-10   1.27063110E-10   1.95112246E-10   4.00746414E-09   1.56237469E+01   -8.34043026E+00   1.48824140E-01   1.07922211E-01   1.55877867E+01   -8.31148911E+00   -1.23291284E-01   1.08168401E-01   1.67582917E+00   2.30000000E+06   1.72201004E+01   1.67602360E+00   2.30000000E+06   1.71838017E+01 
0 1650 8.70425329E-11   1.32607270E-09   7.15603188E-10   1.70911729E-10   1.22179503E-10   1.94374766E-10   3.96837407E-09   1.56237764E+01   -8.34044838E+00   1.48825005E-01   1.07918464E-01   1.55878115E+01   -8.31150055E+00   -1.23289287E-01   1.08165555E-01   1.67582905E+00   2.30000000E+06   1.72201138E+01   1.67602360E+00   2.30000000E+06   1.71838169E+01 
0 1660 8.31393149E-11   1.31201006E-09   7.06619541E-10   1.68273867E-10   1.20129282E-10   1.93641422E-10   3.92977917E-09   1.56238031E+01   -8.34046555E+00   1.48824766E-01   1.07914723E-01   1.55878372E+01   -8.31151199E+00   -1.23290792E-01   1.08162709E-01   1.67582905E+00   2.30000000E+06   1.72201233E+01   1.67602348E+00   2.30000000E+06   1.71838322E+01 
0 1670 7.98803593E-11   1.29795952E-09   6.97606972E-10   1.65642569E-10   1.20981405E-10   1.92912977E-10   3.89095378E-09   1.56238279E+01   -8.34048080E+00   1.48825139E-01   1.07910991E-01   1.55878620E+01   -8.31152248E+00   -1.23295262E-01   1.08159855E-01   1.67582893E+00   2.30000000E+06   1.72201309E+01   1.67602336E+00   2.30000000E+06   1.71838474E+01 
0 1680 7.70652778E-11   1.28382760E-09   6.88642976E-10   1.63194999E-10   1.22977017E-10   1.92190208E-10   3.85132726E-09   1.56238499E+01   -8.34049511E+00   1.48827568E-01   1.07907273E-01   1.55878859E+01   -8.31153297E+00   -1.23301692E-01   1.08157024E-01   1.67582893E+00   2.30000000E+06   1.72201347E+01   1.67602336E+00   2.30000000E+06   1.71838608E+01 
0 1690 7.44011242E-11   1.26960298E-09   6.79815815E-10   1.61299016E-10   1.24000504E-10   1.91473698E-10   3.81066112E-09   1.56238718E+01   -8.34050941E+00   1.48832947E-01   1.07903555E-01   1.55879068E+01   -8.31154060E+00   -1.23308785E-01   1.08154200E-01   1.67582893E+00   2.30000000E+06   1.72201385E+01   1.67602324E+00   2.30000000E+06   1.71838722E+01 
0 1700 7.16823337E-11   1.25533584E-09   6.71195433E-10   1.60148825E-10   1.22977434E-10   1.90763710E-10   3.76898868E-09   1.56238937E+01   -8.34052372E+00   1.48841515E-01   1.07899830E-01   1.55879250E+01   -8.31154823E+00   -1.23315237E-01   1.08151391E-01   1.67582893E+00   2.30000000E+06   1.72201424E+01   1.67602324E+00   2.30000000E+06   1.71838799E+01 
0 1710 6.88882562E-11   1.24111732E-09   6.62820743E-10   1.59528321E-10   1.20226079E-10   1.90060204E-10   3.72675624E-09   1.56239166E+01   -8.34053898E+00   1.48852810E-01   1.07896097E-01   1.55879421E+01   -8.31155396E+00   -1.23319969E-01   1.08148597E-01   1.67582881E+00   2.30000000E+06   1.72201500E+01   1.67602324E+00   2.30000000E+06   1.71838856E+01 
0 1720 6.61457972E-11   1.22704436E-09   6.54703236E-10   1.58997329E-10   1.16997315E-10   1.89362678E-10   3.68460906E-09   1.56239424E+01   -8.34055614E+00   1.48865849E-01   1.07892357E-01   1.55879574E+01   -8.31156063E+00   -1.23322330E-01   1.08145811E-01   1.67582881E+00   2.30000000E+06   1.72201595E+01   1.67602324E+00   2.30000000E+06   1.71838894E+01 
0 1730 6.36040109E-11   1.21321708E-09   6.46871778E-10   1.58014227E-10   1.14543985E-10   1.88670454E-10   3.64329922E-09   1.56239710E+01   -8.34057426E+00   1.48879364E-01   1.07888587E-01   1.55879717E+01   -8.31156635E+00   -1.23322189E-01   1.08143032E-01   1.67582870E+00   2.30000000E+06   1.72201710E+01   1.67602324E+00   2.30000000E+06   1.71838932E+01 
0 1740 6.13084375E-11   1.19972843E-09   6.39343023E-10   1.56350766E-10   1.13233922E-10   1.87982643E-10   3.60348285E-09   1.56240025E+01   -8.34059429E+00   1.48892030E-01   1.07884809E-01   1.55879879E+01   -8.31157398E+00   -1.23319931E-01   1.08140253E-01   1.67582858E+00   2.30000000E+06   1.72201881E+01   1.67602313E+00   2.30000000E+06   1.71838989E+01 
0 1750 5.91686145E-11   1.18666088E-09   6.32118524E-10   1.54110086E-10   1.12392838E-10   1.87298496E-10   3.56571594E-09   1.56240368E+01   -8.34061432E+00   1.48902729E-01   1.07881010E-01   1.55880060E+01   -8.31158161E+00   -1.23316370E-01   1.08137466E-01   1.67582858E+00   2.30000000E+06   1.72202091E+01   1.67602313E+00   2.30000000E+06   1.71839066E+01 
0 1760 5.70552425E-11   1.17406296E-09   6.25179963E-10   1.51630583E-10   1.11053063E-10   1.86617360E-10   3.53021323E-09   1.56240721E+01   -8.34063530E+00   1.48910806E-01   1.07877202E-01   1.55880260E+01   -8.31159210E+00   -1.23312525E-01   1.08134665E-01   1.67582846E+00   2.30000000E+06   1.72202301E+01   1.67602313E+00   2.30000000E+06   1.71839161E+01 
0 1770 5.49152529E-11   1.16192822E-09   6.18478990E-10   1.49300988E-10   1.08749197E-10   1.85938820E-10   3.49688034E-09   1.56241074E+01   -8.34065628E+00   1.48916036E-01   1.07873395E-01   1.55880480E+01   -8.31160259E+00   -1.23309478E-01   1.08131856E-01   1.67582822E+00   2.30000000E+06   1.72202530E+01   1.67602301E+00   2.30000000E+06   1.71839294E+01 
0 1780 5.28330608E-11   1.15020726E-09   6.11948159E-10   1.47250392E-10   1.05853055E-10   1.85262805E-10   3.46540729E-09   1.56241436E+01   -8.34067631E+00   1.48918763E-01   1.07869580E-01   1.55880728E+01   -8.31161499E+00   -1.23308092E-01   1.08129039E-01   1.67582810E+00   2.30000000E+06   1.72202759E+01   1.67602289E+00   2.30000000E+06   1.71839447E+01 
0 1790 5.09828429E-11   1.13879950E-09   6.05510642E-10   1.45454732E-10   1.03311859E-10   1.84589538E-10   3.43516149E-09   1.56241779E+01   -8.34069633E+00   1.48919657E-01   1.07865781E-01   1.55880976E+01   -8.31162739E+00   -1.23308927E-01   1.08126223E-01   1.67582798E+00   2.30000000E+06   1.72202969E+01   1.67602289E+00   2.30000000E+06   1.71839619E+01 
0 1800 4.95178828E-11   1.12761989E-09   5.99122363E-10   1.43681275E-10   1.02006847E-10   1.83919491E-10   3.40546191E-09   1.56242104E+01   -8.34071541E+00   1.48919627E-01   1.07861981E-01   1.55881233E+01   -8.31163979E+00   -1.23312116E-01   1.08123399E-01   1.67582786E+00   2.30000000E+06   1.72203178E+01   1.67602277E+00   2.30000000E+06   1.71839790E+01 
0 1810 4.84596079E-11   1.11659071E-09   5.92753735E-10   1.41805720E-10   1.02136043E-10   1.83253274E-10   3.37557760E-09   1.56242418E+01   -8.34073353E+00   1.48919627E-01   1.07858188E-01   1.55881491E+01   -8.31165218E+00   -1.23317376E-01   1.08120590E-01   1.67582786E+00   2.30000000E+06   1.72203350E+01   1.67602265E+00   2.30000000E+06   1.71839943E+01 
0 1820 4.76691915E-11   1.10565357E-09   5.86404647E-10   1.39829551E-10   1.03078976E-10   1.82591511E-10   3.34502426E-09   1.56242723E+01   -8.34075069E+00   1.48920491E-01   1.07854411E-01   1.55881729E+01   -8.31166363E+00   -1.23324111E-01   1.08117789E-01   1.67582774E+00   2.30000000E+06   1.72203503E+01   1.67602253E+00   2.30000000E+06   1.71840096E+01 
0 1830 4.69242839E-11   1.09478349E-09   5.80093917E-10   1.37942990E-10   1.03856874E-10   1.81934703E-10   3.31353478E-09   1.56243019E+01   -8.34076881E+00   1.48922786E-01   1.07850626E-01   1.55881958E+01   -8.31167507E+00   -1.23331510E-01   1.08114995E-01   1.67582762E+00   2.30000000E+06   1.72203674E+01   1.67602253E+00   2.30000000E+06   1.71840229E+01 
0 1840 4.60310921E-11   1.08396081E-09   5.73849968E-10   1.36347558E-10   1.03724786E-10   1.81283225E-10   3.28112404E-09   1.56243315E+01   -8.34078693E+00   1.48926735E-01   1.07846849E-01   1.55882168E+01   -8.31168556E+00   -1.23338699E-01   1.08112223E-01   1.67582750E+00   2.30000000E+06   1.72203827E+01   1.67602241E+00   2.30000000E+06   1.71840343E+01 
0 1850 4.49062142E-11   1.07318643E-09   5.67698888E-10   1.35154166E-10   1.02485465E-10   1.80637172E-10   3.24803984E-09   1.56243620E+01   -8.34080410E+00   1.48932248E-01   1.07843064E-01   1.55882368E+01   -8.31169510E+00   -1.23344950E-01   1.08109459E-01   1.67582750E+00   2.30000000E+06   1.72203999E+01   1.67602241E+00   2.30000000E+06   1.71840439E+01 
0 1860 4.35978649E-11   1.06248788E-09   5.61673263E-10   1.34267139E-10   1.00516033E-10   1.79996421E-10   3.21476334E-09   1.56243925E+01   -8.34082317E+00   1.48938954E-01   1.07839271E-01   1.55882559E+01   -8.31170464E+00   -1.23349763E-01   1.08106710E-01   1.67582738E+00   2.30000000E+06   1.72204170E+01   1.67602241E+00   2.30000000E+06   1.71840534E+01 
0 1870 4.22213237E-11   1.05190878E-09   5.55796964E-10   1.33510342E-10   9.83957707E-11   1.79360665E-10   3.18188786E-09   1.56244249E+01   -8.34084225E+00   1.48946270E-01   1.07835479E-01   1.55882750E+01   -8.31171417E+00   -1.23352945E-01   1.08103968E-01   1.67582726E+00   2.30000000E+06   1.72204361E+01   1.67602229E+00   2.30000000E+06   1.71840611E+01 
0 1880 4.08941561E-11   1.04151165E-09   5.50105572E-10   1.32603387E-10   9.65833802E-11   1.78729448E-10   3.14999449E-09   1.56244593E+01   -8.34086132E+00   1.48953572E-01   1.07831672E-01   1.55882940E+01   -8.31172466E+00   -1.23354629E-01   1.08101226E-01   1.67582715E+00   2.30000000E+06   1.72204571E+01   1.67602229E+00   2.30000000E+06   1.71840706E+01 
0 1890 3.96881382E-11   1.03137199E-09   5.44622403E-10   1.31462438E-10   9.52273954E-11   1.78102186E-10   3.11951753E-09   1.56244936E+01   -8.34088039E+00   1.48960277E-01   1.07827872E-01   1.55883150E+01   -8.31173515E+00   -1.23355202E-01   1.08098492E-01   1.67582703E+00   2.30000000E+06   1.72204800E+01   1.67602217E+00   2.30000000E+06   1.71840801E+01 
0 1900 3.86093831E-11   1.02154629E-09   5.39366163E-10   1.30101735E-10   9.41375033E-11   1.77478351E-10   3.09071813E-09   1.56245298E+01   -8.34089947E+00   1.48965925E-01   1.07824057E-01   1.55883360E+01   -8.31174564E+00   -1.23355269E-01   1.08095758E-01   1.67582691E+00   2.30000000E+06   1.72205029E+01   1.67602217E+00   2.30000000E+06   1.71840916E+01 
0 1910 3.76291151E-11   1.01206998E-09   5.34338018E-10   1.28644748E-10   9.30200639E-11   1.76857487E-10   3.06354009E-09   1.56245661E+01   -8.34091854E+00   1.48970246E-01   1.07820250E-01   1.55883589E+01   -8.31175804E+00   -1.23355463E-01   1.08093023E-01   1.67582679E+00   2.30000000E+06   1.72205257E+01   1.67602205E+00   2.30000000E+06   1.71841049E+01 
0 1920 3.67373770E-11   1.00294573E-09   5.29509381E-10   1.27208077E-10   9.17684609E-11   1.76239356E-10   3.03768699E-09   1.56246014E+01   -8.34093761E+00   1.48973197E-01   1.07816443E-01   1.55883827E+01   -8.31177044E+00   -1.23356380E-01   1.08090289E-01   1.67582667E+00   2.30000000E+06   1.72205505E+01   1.67602205E+00   2.30000000E+06   1.71841183E+01 
0 1930 3.59587950E-11   9.94138549E-10   5.24840560E-10   1.25854716E-10   9.05351141E-11   1.75623863E-10   3.01275627E-09   1.56246376E+01   -8.34095669E+00   1.48974925E-01   1.07812636E-01   1.55884075E+01   -8.31178284E+00   -1.23358458E-01   1.08087555E-01   1.67582643E+00   2.30000000E+06   1.72205734E+01   1.67602193E+00   2.30000000E+06   1.71841335E+01 
0 1940 3.53379617E-11   9.85591497E-10   5.20280763E-10   1.24554575E-10   8.96304281E-11   1.75011131E-10   2.98825698E-09   1.56246719E+01   -8.34097576E+00   1.48975760E-01   1.07808843E-01   1.55884333E+01   -8.31179619E+00   -1.23361900E-01   1.08084828E-01   1.67582631E+00   2.30000000E+06   1.72205963E+01   1.67602193E+00   2.30000000E+06   1.71841469E+01 
0 1950 3.48959160E-11   9.77236292E-10   5.15782361E-10   1.23234520E-10   8.92907553E-11   1.74401410E-10   2.96369818E-09   1.56247063E+01   -8.34099388E+00   1.48976132E-01   1.07805051E-01   1.55884581E+01   -8.31180859E+00   -1.23366699E-01   1.08082101E-01   1.67582619E+00   2.30000000E+06   1.72206173E+01   1.67602181E+00   2.30000000E+06   1.71841621E+01 
0 1960 3.45969746E-11   9.69005542E-10   5.11309606E-10   1.21862700E-10   8.94869456E-11   1.73795103E-10   2.93875613E-09   1.56247396E+01   -8.34101295E+00   1.48976490E-01   1.07801273E-01   1.55884829E+01   -8.31182194E+00   -1.23372592E-01   1.08079389E-01   1.67582607E+00   2.30000000E+06   1.72206383E+01   1.67602170E+00   2.30000000E+06   1.71841774E+01 
0 1970 3.43454605E-11   9.60840074E-10   5.06845454E-10   1.20469537E-10   8.98979155E-11   1.73192613E-10   2.91323765E-09   1.56247721E+01   -8.34103107E+00   1.48977250E-01   1.07797496E-01   1.55885067E+01   -8.31183434E+00   -1.23379171E-01   1.08076684E-01   1.67582595E+00   2.30000000E+06   1.72206593E+01   1.67602170E+00   2.30000000E+06   1.71841908E+01 
0 1980 3.40270867E-11   9.52698365E-10   5.02382913E-10   1.19180416E-10   9.00943140E-11   1.72594286E-10   2.88710966E-09   1.56248045E+01   -8.34104919E+00   1.48978725E-01   1.07793733E-01   1.55885305E+01   -8.31184673E+00   -1.23385943E-01   1.08073995E-01   1.67582595E+00   2.30000000E+06   1.72206783E+01   1.67602158E+00   2.30000000E+06   1.71842022E+01 
0 1990 3.35564597E-11   9.44557876E-10   4.97927144E-10   1.18105664E-10   8.97488334E-11   1.72000372E-10   2.86053314E-09   1.56248369E+01   -8.34106636E+00   1.48981079E-01   1.07789978E-01   1.55885534E+01   -8.31185913E+00   -1.23392433E-01   1.08071312E-01   1.67582583E+00   2.30000000E+06   1.72206974E+01   1.67602158E+00   2.30000000E+06   1.71842136E+01 
0 2000 3.29109621E-11   9.36416833E-10   4.93494634E-10   1.17287555E-10   8.87841814E-11   1.71410941E-10   2.83379409E-09   1.56248684E+01   -8.34108448E+00   1.48984343E-01   1.07786231E-01   1.55885754E+01   -8.31187057E+00   -1.23398237E-01   1.08068645E-01   1.67582572E+00   2.30000000E+06   1.72207165E+01   1.67602146E+00   2.30000000E+06   1.71842251E+01 
