RealTimeStep Cycle rho   rhoV[0]   rhoV[1]   rhoV[2]   rhoE   rhok   rhoOmega   probe1@MHH@63.3_V_x   probe1@MHH@63.3_V_y   probe1@MHH@63.3_V_z   probe1@MHH@63.3_ti   probe2@MHH@63.3_V_x   probe2@MHH@63.3_V_y   probe2@MHH@63.3_V_z   probe2@MHH@63.3_ti   probe3@MHH@63.3_V_x   probe3@MHH@63.3_V_y   probe3@MHH@63.3_V_z   probe3@MHH@63.3_ti   T001_omega   T001_power   T001_uref   T003_omega   T003_power   T003_uref   T002_omega   T002_power   T002_uref 
0 1 1.18465827E-07   3.92392758E-06   6.30000500E-07   6.97315613E-07   4.41915887E-07   2.16246434E-07   1.41014243E-04   1.19732065E+01   -2.70769279E-03   1.07121142E-02   1.05321571E-01   1.19695511E+01   -2.72823125E-02   -6.88302470E-03   1.05351754E-01   1.19770670E+01   -6.10635057E-03   4.36400389E-03   1.05286464E-01   1.67621255E+00   2.27864875E+06   1.16987514E+01   1.67620599E+00   2.27866525E+06   1.16991453E+01   1.67621505E+00   2.27864225E+06   1.16985960E+01 
0 10 2.18641190E-07   3.37090023E-06   1.39150427E-06   1.10344752E-06   7.54306313E-07   1.64591452E-09   1.72069622E-06   1.17083073E+01   -5.62193729E-02   5.78357801E-02   1.07726447E-01   1.16730957E+01   -8.58461037E-02   -2.84368694E-02   1.08018123E-01   1.17177830E+01   -4.74805087E-02   2.76964325E-02   1.07605681E-01   1.68070400E+00   2.26177525E+06   1.12936049E+01   1.68063688E+00   2.26226500E+06   1.13053637E+01   1.68069410E+00   2.26184925E+06   1.12953815E+01 
0 20 2.13849162E-07   2.91513015E-06   1.68929432E-06   1.46332559E-06   7.16749639E-07   1.59587976E-09   1.53586541E-06   1.17517433E+01   -1.31261870E-01   9.94222239E-02   1.07315399E-01   1.16867409E+01   -1.22523054E-01   -3.96960936E-02   1.07872590E-01   1.17089939E+01   -8.99290070E-02   5.04136831E-02   1.07677668E-01   1.68115687E+00   2.25706075E+06   1.11804056E+01   1.68111181E+00   2.25776050E+06   1.11972036E+01   1.68113768E+00   2.25737300E+06   1.11879025E+01 
0 30 1.76116842E-07   2.61312607E-06   1.69658870E-06   1.51482527E-06   5.48690821E-07   1.69499093E-09   1.45776676E-06   1.18815107E+01   -1.89372614E-01   1.24795943E-01   1.06168717E-01   1.18365812E+01   -2.02153474E-01   -4.65408415E-02   1.06529124E-01   1.18292007E+01   -1.28227502E-01   5.46065979E-02   1.06617086E-01   1.68122017E+00   2.25575825E+06   1.11491280E+01   1.68119586E+00   2.25632700E+06   1.11627846E+01   1.68120611E+00   2.25610100E+06   1.11573563E+01 
0 40 1.42808361E-07   2.28471140E-06   1.53774181E-06   1.42083570E-06   4.22817379E-07   1.42818157E-09   1.26056068E-06   1.19229994E+01   -2.09096149E-01   1.11064039E-01   1.05862208E-01   1.18874044E+01   -2.45190322E-01   -6.57395944E-02   1.06140390E-01   1.18910027E+01   -1.51073843E-01   3.68901640E-02   1.06131792E-01   1.68125975E+00   2.25236375E+06   1.10676231E+01   1.68126643E+00   2.25305525E+06   1.10842266E+01   1.68126273E+00   2.25258850E+06   1.10730209E+01 
0 50 1.17746900E-07   2.15557134E-06   1.33406593E-06   1.26714122E-06   3.44298485E-07   1.27547428E-09   1.10013832E-06   1.19051800E+01   -2.21997410E-01   9.11963359E-02   1.06053472E-01   1.18618355E+01   -2.55325288E-01   -7.81698823E-02   1.06418155E-01   1.18612671E+01   -1.75171658E-01   2.12893393E-02   1.06434412E-01   1.68103921E+00   2.24794725E+06   1.09615765E+01   1.68110573E+00   2.24879875E+06   1.09820232E+01   1.68103552E+00   2.24790375E+06   1.09605322E+01 
0 60 9.97291991E-08   2.12895270E-06   1.18563014E-06   1.11477755E-06   2.93238230E-07   1.23335075E-09   9.85971042E-07   1.18754377E+01   -2.31387243E-01   9.14052501E-02   1.06342904E-01   1.18253546E+01   -2.55620092E-01   -6.78432435E-02   1.06766455E-01   1.18126001E+01   -1.81963474E-01   2.47404967E-02   1.06889121E-01   1.68052828E+00   2.24364100E+06   1.08581848E+01   1.68066728E+00   2.24459875E+06   1.08811798E+01   1.68048418E+00   2.24335600E+06   1.08513412E+01 
0 70 8.47494448E-08   2.07821404E-06   1.07998915E-06   9.96861331E-07   2.51040603E-07   1.22735133E-09   8.98623910E-07   1.18477058E+01   -2.31977940E-01   9.05378833E-02   1.06631257E-01   1.17893753E+01   -2.45451838E-01   -5.81973381E-02   1.07122056E-01   1.17706461E+01   -1.70653731E-01   2.88220532E-02   1.07311212E-01   1.67977047E+00   2.23954200E+06   1.07597609E+01   1.67999029E+00   2.24059475E+06   1.07850380E+01   1.67969656E+00   2.23920600E+06   1.07516937E+01 
0 80 7.32563805E-08   1.97593113E-06   9.86188752E-07   9.13338170E-07   2.16323784E-07   1.22886135E-09   8.26234270E-07   1.18129253E+01   -2.19796926E-01   7.96157345E-02   1.07000947E-01   1.17444677E+01   -2.18509048E-01   -5.66468984E-02   1.07577868E-01   1.17242575E+01   -1.50250271E-01   2.33150795E-02   1.07793383E-01   1.67878985E+00   2.23559275E+06   1.06649370E+01   1.67909443E+00   2.23671875E+06   1.06919727E+01   1.67871308E+00   2.23532050E+06   1.06583986E+01 
0 90 6.66005633E-08   1.84080454E-06   8.95126732E-07   8.43979933E-07   1.95218831E-07   1.21957422E-09   7.58495503E-07   1.17740469E+01   -1.94859400E-01   7.22408071E-02   1.07418120E-01   1.16958694E+01   -1.81429520E-01   -5.33294752E-02   1.08073555E-01   1.16724081E+01   -1.27959475E-01   1.61063261E-02   1.08333021E-01   1.67774034E+00   2.23216800E+06   1.05827036E+01   1.67811525E+00   2.23332400E+06   1.06104612E+01   1.67765939E+00   2.23192650E+06   1.05769081E+01 
0 100 6.20289882E-08   1.70083786E-06   8.13630322E-07   7.81225935E-07   1.82835450E-07   1.20292165E-09   6.97579480E-07   1.17475510E+01   -1.65993199E-01   7.08593726E-02   1.07727282E-01   1.16610699E+01   -1.44978240E-01   -4.84014191E-02   1.08444244E-01   1.16352701E+01   -1.07013404E-01   1.23856990E-02   1.08739130E-01   1.67688763E+00   2.22974875E+06   1.05246172E+01   1.67731464E+00   2.23092750E+06   1.05529175E+01   1.67679286E+00   2.22949525E+06   1.05185270E+01 
0 110 5.54127837E-08   1.57669842E-06   7.49973424E-07   7.26639882E-07   1.64566700E-07   1.18922194E-09   6.45089415E-07   1.17391882E+01   -1.39658988E-01   6.83801696E-02   1.07873231E-01   1.16484585E+01   -1.14941843E-01   -4.81898673E-02   1.08612977E-01   1.16248417E+01   -8.75708684E-02   9.51728411E-03   1.08896457E-01   1.67637312E+00   2.22840250E+06   1.04922915E+01   1.67685103E+00   2.22965025E+06   1.05222511E+01   1.67627609E+00   2.22815650E+06   1.04863825E+01 
0 120 4.79062514E-08   1.46760408E-06   7.06193248E-07   6.82896314E-07   1.42745691E-07   1.18078780E-09   6.00085173E-07   1.17408457E+01   -1.17559895E-01   6.19770028E-02   1.07928261E-01   1.16499481E+01   -9.13282484E-02   -5.26135415E-02   1.08654045E-01   1.16306477E+01   -6.96452707E-02   4.76592453E-03   1.08901381E-01   1.67610848E+00   2.22773750E+06   1.04763241E+01   1.67664707E+00   2.22911000E+06   1.05092764E+01   1.67602468E+00   2.22753050E+06   1.04713507E+01 
0 130 4.24484270E-08   1.36149606E-06   6.75302203E-07   6.52665335E-07   1.27025146E-07   1.17525034E-09   5.62725631E-07   1.17393131E+01   -1.00022785E-01   5.53218946E-02   1.08012222E-01   1.16499977E+01   -7.20583275E-02   -5.57985380E-02   1.08711831E-01   1.16346636E+01   -5.57649173E-02   2.78427469E-04   1.08922817E-01   1.67588747E+00   2.22719525E+06   1.04633026E+01   1.67649686E+00   2.22871950E+06   1.04999027E+01   1.67581820E+00   2.22702750E+06   1.04592781E+01 
0 140 3.83861085E-08   1.25546148E-06   6.45089074E-07   6.28788541E-07   1.14545962E-07   1.16729604E-09   5.31363241E-07   1.17272282E+01   -8.74892026E-02   5.35827763E-02   1.08193114E-01   1.16377563E+01   -5.81459291E-02   -5.34542948E-02   1.08887315E-01   1.16266794E+01   -4.80687544E-02   4.95817279E-04   1.09057002E-01   1.67554331E+00   2.22637225E+06   1.04435406E+01   1.67622781E+00   2.22803500E+06   1.04834681E+01   1.67553198E+00   2.22615700E+06   1.04399614E+01 
0 150 3.46890374E-08   1.15949160E-06   6.05268156E-07   6.02085834E-07   1.02472377E-07   1.15009458E-09   5.02514354E-07   1.17056351E+01   -8.04692656E-02   5.83125241E-02   1.08462848E-01   1.16119976E+01   -4.99899574E-02   -4.59244512E-02   1.09193005E-01   1.16068811E+01   -4.45594080E-02   6.86948188E-03   1.09303914E-01   1.67625523E+00   2.22354450E+06   1.04137325E+01   1.67578340E+00   2.22694350E+06   1.04572592E+01   1.67636776E+00   2.22312975E+06   1.04095697E+01 
0 160 3.28133503E-08   1.07769085E-06   5.51998824E-07   5.64867150E-07   9.81320696E-08   1.12096865E-09   4.73180364E-07   1.16829319E+01   -7.80448467E-02   6.69861957E-02   1.08745202E-01   1.15833979E+01   -4.58178185E-02   -3.68615203E-02   1.09529652E-01   1.15826311E+01   -4.15422767E-02   1.69004854E-02   1.09596096E-01   1.67720008E+00   2.21998775E+06   1.03780251E+01   1.67593300E+00   2.22471975E+06   1.04255304E+01   1.67732000E+00   2.21952300E+06   1.03733606E+01 
0 170 3.25927445E-08   1.00606792E-06   4.92395316E-07   5.14498197E-07   1.00671336E-07   1.08611042E-09   4.43690453E-07   1.16696339E+01   -7.79731050E-02   7.53057003E-02   1.08942956E-01   1.15654945E+01   -4.33664434E-02   -3.02226730E-02   1.09768584E-01   1.15628195E+01   -3.73096876E-02   2.59719398E-02   1.09849401E-01   1.67800379E+00   2.21681550E+06   1.03461800E+01   1.67679179E+00   2.22154575E+06   1.03936672E+01   1.67812657E+00   2.21631775E+06   1.03411827E+01 
0 180 3.08454737E-08   9.41512951E-07   4.38552149E-07   4.56890177E-07   9.66283906E-08   1.05522646E-09   4.16356585E-07   1.16686430E+01   -7.77888373E-02   7.95578957E-02   1.09027594E-01   1.15630741E+01   -4.08011079E-02   -2.85766888E-02   1.09861493E-01   1.15567970E+01   -3.24368589E-02   3.03611681E-02   1.09972991E-01   1.67856538E+00   2.21450825E+06   1.03230171E+01   1.67738891E+00   2.21925500E+06   1.03706694E+01   1.67867982E+00   2.21402825E+06   1.03181973E+01 
0 190 2.66583342E-08   8.83359974E-07   3.95275492E-07   4.02324872E-07   8.22285529E-08   1.03167874E-09   3.91701434E-07   1.16760893E+01   -7.60816559E-02   7.87146166E-02   1.09032452E-01   1.15723505E+01   -3.77094895E-02   -3.16841304E-02   1.09841086E-01   1.15639858E+01   -2.80166063E-02   2.93690134E-02   1.09969169E-01   1.67892051E+00   2.21300625E+06   1.03079367E+01   1.67770076E+00   2.21802875E+06   1.03583584E+01   1.67901373E+00   2.21260625E+06   1.03039217E+01 
0 200 2.28393962E-08   8.26999667E-07   3.60113887E-07   3.58016081E-07   6.85003201E-08   1.01606956E-09   3.71661542E-07   1.16854067E+01   -7.27135614E-02   7.50546828E-02   1.09016009E-01   1.15845957E+01   -3.49243619E-02   -3.62458676E-02   1.09788775E-01   1.15766134E+01   -2.46592481E-02   2.56062541E-02   1.09909028E-01   1.67917264E+00   2.21191850E+06   1.02970161E+01   1.67784798E+00   2.21744200E+06   1.03524685E+01   1.67924488E+00   2.21160325E+06   1.02938509E+01 
0 210 2.14901394E-08   7.68654161E-07   3.31050273E-07   3.24783258E-07   6.45788063E-08   1.00608177E-09   3.55922765E-07   1.16909981E+01   -6.87111169E-02   7.25033730E-02   1.09028749E-01   1.15918388E+01   -3.31752636E-02   -3.79183330E-02   1.09780587E-01   1.15864592E+01   -2.26888154E-02   2.30627190E-02   1.09869123E-01   1.67943084E+00   2.21078475E+06   1.02856350E+01   1.67797661E+00   2.21692500E+06   1.03472776E+01   1.67949963E+00   2.21047900E+06   1.02825661E+01 
0 220 2.07628705E-08   7.12370422E-07   3.07197951E-07   2.99381924E-07   6.32806660E-08   9.96776106E-10   3.41732033E-07   1.16900120E+01   -6.54805079E-02   7.40589276E-02   1.09096788E-01   1.15905581E+01   -3.23720388E-02   -3.43145132E-02   1.09851129E-01   1.15891361E+01   -2.20977049E-02   2.48153601E-02   1.09890930E-01   1.67976189E+00   2.20929975E+06   1.02707272E+01   1.67818654E+00   2.21607350E+06   1.03387299E+01   1.67984891E+00   2.20890350E+06   1.02667475E+01 
0 230 1.91676630E-08   6.64782533E-07   2.86014995E-07   2.77607313E-07   5.83870339E-08   9.85336368E-10   3.27045143E-07   1.16830597E+01   -6.37949854E-02   8.00957307E-02   1.09214522E-01   1.15824556E+01   -3.21471617E-02   -2.63981950E-02   1.09985158E-01   1.15848074E+01   -2.23563574E-02   3.12103052E-02   1.09973647E-01   1.68016756E+00   2.20742875E+06   1.02519436E+01   1.67849851E+00   2.21478750E+06   1.03258190E+01   1.68027890E+00   2.20690475E+06   1.02466831E+01 
0 240 1.77559567E-08   6.26138728E-07   2.65190096E-07   2.55296243E-07   5.39579865E-08   9.72069092E-10   3.11397940E-07   1.16734772E+01   -6.35639578E-02   8.83393958E-02   1.09351285E-01   1.15727425E+01   -3.22733261E-02   -1.75384190E-02   1.10132962E-01   1.15767040E+01   -2.26836745E-02   3.99409309E-02   1.10087506E-01   1.68059492E+00   2.20539125E+06   1.02314892E+01   1.67886555E+00   2.21324100E+06   1.03102942E+01   1.68071377E+00   2.20481100E+06   1.02256632E+01 
0 250 1.72444743E-08   5.92016988E-07   2.44605616E-07   2.30930880E-07   5.30099733E-08   9.58869872E-10   2.95284963E-07   1.16653948E+01   -6.40538484E-02   9.54237655E-02   1.09468803E-01   1.15668049E+01   -3.25224847E-02   -1.13293333E-02   1.10242292E-01   1.15690479E+01   -2.27428097E-02   4.77635451E-02   1.10193141E-01   1.68097425E+00   2.20351875E+06   1.02126894E+01   1.67921388E+00   2.21173850E+06   1.02952108E+01   1.68107164E+00   2.20302775E+06   1.02077608E+01 
0 260 1.65558447E-08   5.60131468E-07   2.25251355E-07   2.06843367E-07   5.13982457E-08   9.47405154E-10   2.79244233E-07   1.16614723E+01   -6.44564629E-02   9.89603177E-02   1.09541968E-01   1.15672626E+01   -3.27359214E-02   -9.44258366E-03   1.10286988E-01   1.15649767E+01   -2.26731263E-02   5.24102822E-02   1.10261358E-01   1.68126082E+00   2.20206100E+06   1.01980543E+01   1.67948639E+00   2.21053800E+06   1.02831583E+01   1.68131232E+00   2.20179475E+06   1.01953831E+01 
0 270 1.50259236E-08   5.31339992E-07   2.07750816E-07   1.86081635E-07   4.64857166E-08   9.40108213E-10   2.66053718E-07   1.16616516E+01   -6.43413886E-02   9.87914875E-02   1.09570839E-01   1.15727463E+01   -3.29593197E-02   -1.08315125E-02   1.10279351E-01   1.15652142E+01   -2.27088649E-02   5.36556393E-02   1.10285722E-01   1.68145347E+00   2.20105775E+06   1.01879845E+01   1.67966604E+00   2.20973350E+06   1.02750816E+01   1.68145144E+00   2.20106875E+06   1.01880922E+01 
0 280 1.33959386E-08   5.06240326E-07   1.92129150E-07   1.68691145E-07   4.10101073E-08   9.35889921E-10   2.55184830E-07   1.16636238E+01   -6.37703389E-02   9.67216566E-02   1.09576806E-01   1.15791817E+01   -3.34252566E-02   -1.28369648E-02   1.10257804E-01   1.15682011E+01   -2.29489841E-02   5.31261154E-02   1.10281281E-01   1.68158758E+00   2.20034800E+06   1.01808577E+01   1.67977309E+00   2.20924875E+06   1.02702160E+01   1.68154275E+00   2.20058650E+06   1.01832533E+01 
0 290 1.24384361E-08   4.84262046E-07   1.77956238E-07   1.52540082E-07   3.79035008E-08   9.32801392E-10   2.45729126E-07   1.16644936E+01   -6.31181523E-02   9.51167569E-02   1.09587297E-01   1.15825891E+01   -3.43556851E-02   -1.30373864E-02   1.10259973E-01   1.15714521E+01   -2.33706255E-02   5.30356839E-02   1.10271744E-01   1.68171048E+00   2.19968875E+06   1.01742392E+01   1.67984593E+00   2.20891725E+06   1.02668858E+01   1.68164372E+00   2.20004775E+06   1.01778440E+01 
0 300 1.18797594E-08   4.64803634E-07   1.64654750E-07   1.36690545E-07   3.60891335E-08   9.29511912E-10   2.37349710E-07   1.16624231E+01   -6.28387928E-02   9.54053849E-02   1.09620348E-01   1.15813389E+01   -3.57816480E-02   -1.07148224E-02   1.10301316E-01   1.15730324E+01   -2.38699503E-02   5.47232106E-02   1.10275596E-01   1.68185556E+00   2.19890000E+06   1.01663198E+01   1.67991936E+00   2.20858050E+06   1.02635069E+01   1.68178511E+00   2.19928425E+06   1.01701794E+01 
0 310 1.12482414E-08   4.47313283E-07   1.51979307E-07   1.21899447E-07   3.38176029E-08   9.25191868E-10   2.29199415E-07   1.16575289E+01   -6.31293952E-02   9.73730385E-02   1.09676093E-01   1.15767488E+01   -3.74842659E-02   -7.11350283E-03   1.10369533E-01   1.15723333E+01   -2.42920145E-02   5.79460785E-02   1.10298820E-01   1.68202841E+00   2.19794275E+06   1.01567125E+01   1.68001151E+00   2.20815525E+06   1.02592382E+01   1.68195963E+00   2.19832550E+06   1.01605530E+01 
0 320 1.05269233E-08   4.30823007E-07   1.40285906E-07   1.08980444E-07   3.13116288E-08   9.20082011E-10   2.20928314E-07   1.16514177E+01   -6.38115928E-02   9.95964631E-02   1.09740674E-01   1.15718479E+01   -3.91096920E-02   -4.37869271E-03   1.10436268E-01   1.15699577E+01   -2.45152432E-02   6.12668321E-02   1.10335983E-01   1.68221223E+00   2.19690400E+06   1.01462841E+01   1.68012154E+00   2.20764400E+06   1.02541037E+01   1.68213570E+00   2.19733925E+06   1.01506538E+01 
0 330 9.75478187E-09   4.14328667E-07   1.30103487E-07   9.82454580E-08   2.90886994E-08   9.14901876E-10   2.12723407E-07   1.16459408E+01   -6.44229054E-02   1.00582823E-01   1.09797686E-01   1.15692749E+01   -4.03529927E-02   -4.04262915E-03   1.10476904E-01   1.15670748E+01   -2.45311260E-02   6.31376281E-02   1.10376187E-01   1.68238342E+00   2.19591675E+06   1.01363716E+01   1.68023646E+00   2.20710550E+06   1.02486973E+01   1.68228161E+00   2.19650675E+06   1.01422949E+01 
0 340 8.89349305E-09   3.97506000E-07   1.21516607E-07   8.97213681E-08   2.71009810E-08   9.10236053E-10   2.05128757E-07   1.16422033E+01   -6.45801872E-02   9.97404084E-02   1.09837323E-01   1.15698185E+01   -4.10996489E-02   -6.07064273E-03   1.10484473E-01   1.15647411E+01   -2.43982766E-02   6.28991798E-02   1.10409439E-01   1.68252611E+00   2.19507700E+06   1.01279402E+01   1.68034101E+00   2.20661075E+06   1.02437305E+01   1.68238389E+00   2.19591375E+06   1.01363411E+01 
0 350 8.08827139E-09   3.80711015E-07   1.14273817E-07   8.29248776E-08   2.55620609E-08   9.06150044E-10   1.98495641E-07   1.16402149E+01   -6.42547533E-02   9.76494327E-02   1.09859772E-01   1.15723467E+01   -4.14661393E-02   -9.02793836E-03   1.10470422E-01   1.15634460E+01   -2.41152756E-02   6.11327514E-02   1.10431075E-01   1.68263888E+00   2.19440300E+06   1.01211758E+01   1.68042600E+00   2.20620500E+06   1.02396584E+01   1.68245125E+00   2.19551975E+06   1.01323862E+01 
0 360 7.51895346E-09   3.64537811E-07   1.08330681E-07   7.71190685E-08   2.44844305E-08   9.02215469E-10   1.92813076E-07   1.16391764E+01   -6.37541488E-02   9.55732763E-02   1.09872736E-01   1.15748520E+01   -4.17447761E-02   -1.11055560E-02   1.10454544E-01   1.15630760E+01   -2.36776900E-02   5.91995977E-02   1.10442281E-01   1.68273056E+00   2.19384725E+06   1.01155958E+01   1.68049085E+00   2.20589400E+06   1.02365341E+01   1.68250453E+00   2.19520550E+06   1.01292305E+01 
0 370 7.11825932E-09   3.49521628E-07   1.03552146E-07   7.21377518E-08   2.31111983E-08   8.97874552E-10   1.87681380E-07   1.16381721E+01   -6.34454116E-02   9.46045443E-02   1.09885074E-01   1.15758066E+01   -4.22118716E-02   -1.12613533E-02   1.10452108E-01   1.15631857E+01   -2.31709983E-02   5.83410412E-02   1.10447705E-01   1.68281353E+00   2.19333875E+06   1.01104908E+01   1.68054104E+00   2.20565225E+06   1.02341080E+01   1.68256342E+00   2.19485525E+06   1.01257162E+01 
0 380 6.85483981E-09   3.35901746E-07   9.91060816E-08   6.79618068E-08   2.13093063E-08   8.92870000E-10   1.82612467E-07   1.16366282E+01   -6.34997860E-02   9.50081423E-02   1.09902449E-01   1.15749512E+01   -4.29207422E-02   -9.78317577E-03   1.10466160E-01   1.15633307E+01   -2.27399245E-02   5.89645319E-02   1.10452130E-01   1.68289590E+00   2.19282775E+06   1.01053610E+01   1.68058336E+00   2.20544725E+06   1.02320518E+01   1.68263555E+00   2.19442300E+06   1.01213760E+01 
0 390 6.91375757E-09   3.23484329E-07   9.40132594E-08   6.38038884E-08   2.02738697E-08   8.87402596E-10   1.77428589E-07   1.16345806E+01   -6.38706163E-02   9.61532593E-02   1.09924786E-01   1.15731964E+01   -4.36813273E-02   -7.89722428E-03   1.10488467E-01   1.15633230E+01   -2.25016307E-02   6.05188943E-02   1.10457897E-01   1.68297875E+00   2.19230725E+06   1.01001339E+01   1.68062186E+00   2.20526000E+06   1.02301702E+01   1.68271482E+00   2.19394300E+06   1.01165562E+01 
0 400 7.22456628E-09   3.11881337E-07   8.81835192E-08   5.89076912E-08   2.05097681E-08   8.81951567E-10   1.72148887E-07   1.16324711E+01   -6.43682927E-02   9.70137790E-02   1.09947972E-01   1.15718393E+01   -4.42151763E-02   -6.90987892E-03   1.10506877E-01   1.15632687E+01   -2.24775355E-02   6.19498603E-02   1.10464379E-01   1.68305790E+00   2.19180475E+06   1.00950899E+01   1.68065643E+00   2.20509175E+06   1.02284822E+01   1.68278825E+00   2.19349375E+06   1.01120462E+01 
0 410 7.35856620E-09   3.00842345E-07   8.24130026E-08   5.36287743E-08   2.06671444E-08   8.76974271E-10   1.66932594E-07   1.16307678E+01   -6.47840127E-02   9.68459174E-02   1.09967455E-01   1.15717144E+01   -4.43576314E-02   -7.40991207E-03   1.10513471E-01   1.15634003E+01   -2.25788988E-02   6.23808391E-02   1.10469379E-01   1.68312776E+00   2.19135675E+06   1.00905914E+01   1.68068385E+00   2.20495775E+06   1.02271366E+01   1.68284523E+00   2.19314250E+06   1.01085205E+01 
0 420 7.04830549E-09   2.90295390E-07   7.74890694E-08   4.87546679E-08   1.96210674E-08   8.72661943E-10   1.61929350E-07   1.16296606E+01   -6.49940148E-02   9.55975130E-02   1.09981105E-01   1.15727978E+01   -4.41424735E-02   -9.01847705E-03   1.10508308E-01   1.15638657E+01   -2.26685312E-02   6.15786165E-02   1.10471249E-01   1.68318558E+00   2.19098150E+06   1.00868244E+01   1.68070161E+00   2.20487075E+06   1.02262630E+01   1.68288326E+00   2.19290600E+06   1.01061468E+01 
0 430 6.41440190E-09   2.80141592E-07   7.35622905E-08   4.43704096E-08   1.77301640E-08   8.68887684E-10   1.57247115E-07   1.16289721E+01   -6.50081709E-02   9.38500687E-02   1.09990247E-01   1.15743570E+01   -4.37355563E-02   -1.07634757E-02   1.10498175E-01   1.15645943E+01   -2.26645898E-02   5.99774383E-02   1.10470280E-01   1.68323350E+00   2.19066800E+06   1.00836773E+01   1.68071020E+00   2.20482875E+06   1.02258406E+01   1.68290877E+00   2.19274675E+06   1.01045475E+01 
0 440 5.74711212E-09   2.70204055E-07   7.03478591E-08   4.02563956E-08   1.60113114E-08   8.65323369E-10   1.52934589E-07   1.16282969E+01   -6.49482831E-02   9.24075320E-02   1.09998465E-01   1.15754623E+01   -4.33369838E-02   -1.17428023E-02   1.10491805E-01   1.15653286E+01   -2.25946438E-02   5.83327450E-02   1.10468544E-01   1.68327689E+00   2.19038275E+06   1.00808153E+01   1.68071353E+00   2.20481250E+06   1.02256775E+01   1.68293226E+00   2.19260025E+06   1.01030779E+01 
0 450 5.21474153E-09   2.60408797E-07   6.75793359E-08   3.67724766E-08   1.48735788E-08   8.61612504E-10   1.48897072E-07   1.16272621E+01   -6.49626255E-02   9.18121710E-02   1.10009216E-01   1.15755444E+01   -4.30553369E-02   -1.16426777E-02   1.10494576E-01   1.15657663E+01   -2.25593373E-02   5.72657101E-02   1.10468753E-01   1.68332100E+00   2.19009000E+06   1.00778770E+01   1.68071735E+00   2.20479400E+06   1.02254915E+01   1.68296182E+00   2.19241450E+06   1.01012115E+01 
0 460 4.83013807E-09   2.50879538E-07   6.51267769E-08   3.43931461E-08   1.40507730E-08   8.57558691E-10   1.45004336E-07   1.16257410E+01   -6.51259646E-02   9.20801535E-02   1.10023908E-01   1.15746689E+01   -4.28796448E-02   -1.08159222E-02   1.10505998E-01   1.15657263E+01   -2.26454269E-02   5.69654740E-02   1.10472627E-01   1.68336904E+00   2.18976925E+06   1.00746546E+01   1.68072641E+00   2.20474925E+06   1.02250433E+01   1.68299985E+00   2.19217400E+06   1.00987978E+01 
0 470 4.58633220E-09   2.41780612E-07   6.28740651E-08   3.29202265E-08   1.33544660E-08   8.53155158E-10   1.41199934E-07   1.16239071E+01   -6.54054433E-02   9.27856714E-02   1.10041246E-01   1.15734138E+01   -4.27058823E-02   -9.94835980E-03   1.10520750E-01   1.15652475E+01   -2.28615627E-02   5.71870841E-02   1.10480048E-01   1.68342042E+00   2.18942350E+06   1.00711851E+01   1.68074262E+00   2.20466950E+06   1.02242432E+01   1.68304253E+00   2.19190325E+06   1.00960789E+01 
0 480 4.48013493E-09   2.33158985E-07   6.06694925E-08   3.18531832E-08   1.28094699E-08   8.48547010E-10   1.37442640E-07   1.16221199E+01   -6.57041743E-02   9.33877751E-02   1.10058144E-01   1.15724907E+01   -4.24245447E-02   -9.58192255E-03   1.10532269E-01   1.15645618E+01   -2.31533051E-02   5.74918948E-02   1.10489115E-01   1.68347144E+00   2.18907675E+06   1.00677032E+01   1.68076420E+00   2.20456350E+06   1.02231779E+01   1.68308270E+00   2.19164600E+06   1.00934963E+01 
0 490 4.47225412E-09   2.24975906E-07   5.84081050E-08   3.08991694E-08   1.24034152E-08   8.43932202E-10   1.33764431E-07   1.16207275E+01   -6.59287572E-02   9.35542732E-02   1.10071562E-01   1.15723438E+01   -4.19955179E-02   -9.81944520E-03   1.10536471E-01   1.15639782E+01   -2.34579481E-02   5.75424097E-02   1.10497154E-01   1.68351805E+00   2.18875750E+06   1.00644979E+01   1.68078673E+00   2.20445225E+06   1.02220612E+01   1.68311477E+00   2.19144000E+06   1.00914278E+01 
0 500 4.51832216E-09   2.17206676E-07   5.60959457E-08   2.97797627E-08   1.21154402E-08   8.39472436E-10   1.30175522E-07   1.16198931E+01   -6.60336018E-02   9.32941064E-02   1.10080034E-01   1.15729647E+01   -4.14600223E-02   -1.03587098E-02   1.10533483E-01   1.15637503E+01   -2.37460583E-02   5.72695583E-02   1.10501915E-01   1.68355751E+00   2.18848550E+06   1.00617676E+01   1.68080544E+00   2.20435975E+06   1.02211332E+01   1.68313682E+00   2.19129775E+06   1.00900002E+01 
0 510 4.59272931E-09   2.09844870E-07   5.38055716E-08   2.81649051E-08   1.19797861E-08   8.35253977E-10   1.26711129E-07   1.16195345E+01   -6.60301074E-02   9.28596109E-02   1.10084295E-01   1.15739794E+01   -4.09121029E-02   -1.07715828E-02   1.10526852E-01   1.15639734E+01   -2.40221992E-02   5.68401217E-02   1.10502563E-01   1.68358958E+00   2.18826300E+06   1.00595331E+01   1.68081713E+00   2.20430200E+06   1.02205524E+01   1.68315101E+00   2.19120575E+06   1.00890760E+01 
0 520 4.65784122E-09   2.02858942E-07   5.16261061E-08   2.60313211E-08   1.19432375E-08   8.31284819E-10   1.23418232E-07   1.16193933E+01   -6.59704581E-02   9.25245956E-02   1.10086657E-01   1.15749054E+01   -4.04310487E-02   -1.08098248E-02   1.10521078E-01   1.15645628E+01   -2.42993552E-02   5.64870089E-02   1.10499866E-01   1.68361640E+00   2.18807600E+06   1.00576563E+01   1.68082142E+00   2.20428100E+06   1.02203426E+01   1.68316197E+00   2.19113500E+06   1.00883656E+01 
0 530 4.65157735E-09   1.96188907E-07   4.96128649E-08   2.37488571E-08   1.17945271E-08   8.27538760E-10   1.20298921E-07   1.16191788E+01   -6.59148246E-02   9.24028531E-02   1.10089749E-01   1.15754166E+01   -4.00442965E-02   -1.05364854E-02   1.10519156E-01   1.15653133E+01   -2.45837290E-02   5.63362427E-02   1.10495724E-01   1.68364108E+00   2.18790275E+06   1.00559177E+01   1.68082023E+00   2.20428675E+06   1.02203999E+01   1.68317366E+00   2.19105850E+06   1.00875998E+01 
0 540 4.51759341E-09   1.89787258E-07   4.77853916E-08   2.17591403E-08   1.13097229E-08   8.23975388E-10   1.17352705E-07   1.16186962E+01   -6.58997595E-02   9.24108922E-02   1.10095322E-01   1.15754681E+01   -3.97289321E-02   -1.02342488E-02   1.10521421E-01   1.15659962E+01   -2.48735677E-02   5.63394874E-02   1.10492215E-01   1.68366635E+00   2.18772475E+06   1.00541296E+01   1.68081713E+00   2.20430200E+06   1.02205534E+01   1.68318832E+00   2.19096350E+06   1.00866432E+01 
0 550 4.24167457E-09   1.83628245E-07   4.61439704E-08   2.02762500E-08   1.04366107E-08   8.20551960E-10   1.14559008E-07   1.16179094E+01   -6.59289286E-02   9.23683196E-02   1.10103637E-01   1.15752439E+01   -3.94395553E-02   -1.01864180E-02   1.10526055E-01   1.15664549E+01   -2.51631252E-02   5.63317761E-02   1.10490747E-01   1.68369365E+00   2.18753200E+06   1.00521965E+01   1.68081534E+00   2.20431100E+06   1.02206440E+01   1.68320549E+00   2.19085175E+06   1.00855227E+01 
0 560 3.86863475E-09   1.77687923E-07   4.46419826E-08   1.92365057E-08   9.38391143E-09   8.17219181E-10   1.11876950E-07   1.16169167E+01   -6.59819022E-02   9.21459794E-02   1.10113755E-01   1.15750065E+01   -3.91413979E-02   -1.04877939E-02   1.10530548E-01   1.15666513E+01   -2.54425202E-02   5.61549254E-02   1.10491626E-01   1.68372262E+00   2.18732600E+06   1.00501270E+01   1.68081653E+00   2.20430500E+06   1.02205820E+01   1.68322325E+00   2.19073550E+06   1.00843563E+01 
0 570 3.48759599E-09   1.71929841E-07   4.32047322E-08   1.84138926E-08   8.54191562E-09   8.13919654E-10   1.09296160E-07   1.16158695E+01   -6.60316497E-02   9.17567238E-02   1.10124215E-01   1.15749454E+01   -3.88298817E-02   -1.10011166E-02   1.10533118E-01   1.15666533E+01   -2.56932396E-02   5.57607450E-02   1.10494100E-01   1.68375218E+00   2.18711400E+06   1.00479994E+01   1.68082082E+00   2.20428375E+06   1.02203693E+01   1.68323970E+00   2.19062750E+06   1.00832710E+01 
0 580 3.18499627E-09   1.66331958E-07   4.17951398E-08   1.76069399E-08   8.18008949E-09   8.10599199E-10   1.06816771E-07   1.16148958E+01   -6.60629869E-02   9.13383365E-02   1.10133819E-01   1.15751057E+01   -3.85302566E-02   -1.14670815E-02   1.10533372E-01   1.15665894E+01   -2.58897040E-02   5.52362166E-02   1.10496901E-01   1.68378127E+00   2.18690500E+06   1.00459003E+01   1.68082678E+00   2.20425425E+06   1.02200747E+01   1.68325400E+00   2.19053350E+06   1.00823278E+01 
0 590 2.99401148E-09   1.60904222E-07   4.04378824E-08   1.67851262E-08   8.17095280E-09   8.07209077E-10   1.04399575E-07   1.16140566E+01   -6.60773218E-02   9.10565406E-02   1.10142067E-01   1.15754185E+01   -3.82806994E-02   -1.16772214E-02   1.10532060E-01   1.15665779E+01   -2.60103829E-02   5.47499619E-02   1.10498868E-01   1.68380904E+00   2.18670450E+06   1.00438862E+01   1.68083274E+00   2.20422475E+06   1.02197790E+01   1.68326628E+00   2.19045250E+06   1.00815134E+01 
0 600 2.89454039E-09   1.55683878E-07   3.91844317E-08   1.60673910E-08   8.16566459E-09   8.03719036E-10   1.02048794E-07   1.16133451E+01   -6.60834983E-02   9.10006166E-02   1.10149100E-01   1.15757771E+01   -3.81070897E-02   -1.15933074E-02   1.10530317E-01   1.15666790E+01   -2.60487273E-02   5.44605069E-02   1.10499486E-01   1.68383527E+00   2.18651375E+06   1.00419722E+01   1.68083775E+00   2.20420025E+06   1.02195311E+01   1.68327749E+00   2.19037850E+06   1.00807734E+01 
0 610 2.86055490E-09   1.50706541E-07   3.80467959E-08   1.55462985E-08   7.95772426E-09   8.00122413E-10   9.97791716E-08   1.16127234E+01   -6.60876706E-02   9.11371037E-02   1.10155366E-01   1.15761156E+01   -3.80063541E-02   -1.13503505E-02   1.10528842E-01   1.15668821E+01   -2.60139722E-02   5.44375591E-02   1.10498972E-01   1.68386018E+00   2.18633175E+06   1.00401468E+01   1.68084180E+00   2.20417975E+06   1.02193251E+01   1.68328822E+00   2.19030775E+06   1.00800610E+01 
0 620 2.88608026E-09   1.45981559E-07   3.69652184E-08   1.51757931E-08   7.59426033E-09   7.96443078E-10   9.75702150E-08   1.16121578E+01   -6.60902858E-02   9.13403928E-02   1.10161275E-01   1.15764389E+01   -3.79480049E-02   -1.11570898E-02   1.10527672E-01   1.15671368E+01   -2.59255134E-02   5.46357147E-02   1.10497981E-01   1.68388402E+00   2.18615750E+06   1.00383949E+01   1.68084586E+00   2.20415950E+06   1.02191229E+01   1.68329859E+00   2.19023925E+06   1.00793724E+01 
0 630 2.96546565E-09   1.41479077E-07   3.58420564E-08   1.47887533E-08   7.26338234E-09   7.92727661E-10   9.54035855E-08   1.16116371E+01   -6.60885647E-02   9.14711282E-02   1.10166952E-01   1.15767937E+01   -3.78899090E-02   -1.11684818E-02   1.10526353E-01   1.15674047E+01   -2.58049984E-02   5.49250692E-02   1.10497065E-01   1.68390667E+00   2.18599025E+06   1.00367174E+01   1.68085039E+00   2.20413750E+06   1.02189007E+01   1.68330812E+00   2.19017575E+06   1.00787363E+01 
0 640 3.06406522E-09   1.37155567E-07   3.46241862E-08   1.42120120E-08   7.08133463E-09   7.89029120E-10   9.32813862E-08   1.16111641E+01   -6.60795644E-02   9.14497301E-02   1.10172369E-01   1.15772142E+01   -3.77987958E-02   -1.14123523E-02   1.10524490E-01   1.15676956E+01   -2.56712567E-02   5.51566109E-02   1.10496245E-01   1.68392813E+00   2.18583150E+06   1.00351219E+01   1.68085480E+00   2.20411550E+06   1.02186813E+01   1.68331647E+00   2.19012050E+06   1.00781822E+01 
0 650 3.12248249E-09   1.32983985E-07   3.33803669E-08   1.34144136E-08   6.95908620E-09   7.85386256E-10   9.12153482E-08   1.16107378E+01   -6.60619140E-02   9.12843943E-02   1.10177465E-01   1.15776844E+01   -3.76648083E-02   -1.18006328E-02   1.10522158E-01   1.15680618E+01   -2.55370699E-02   5.52250035E-02   1.10495023E-01   1.68394828E+00   2.18568150E+06   1.00336161E+01   1.68085766E+00   2.20410125E+06   1.02185373E+01   1.68332350E+00   2.19007350E+06   1.00777102E+01 
0 660 3.09425885E-09   1.28972431E-07   3.22394200E-08   1.25701902E-08   6.72011291E-09   7.81810838E-10   8.92410696E-08   1.16103354E+01   -6.60369843E-02   9.10467356E-02   1.10182360E-01   1.15781326E+01   -3.74980979E-02   -1.22012738E-02   1.10519938E-01   1.15685596E+01   -2.54056901E-02   5.51011786E-02   1.10492758E-01   1.68396735E+00   2.18553900E+06   1.00321875E+01   1.68085742E+00   2.20410250E+06   1.02185497E+01   1.68333006E+00   2.19003000E+06   1.00772743E+01 
0 670 2.98098213E-09   1.25136708E-07   3.12434345E-08   1.19277841E-08   6.32781871E-09   7.78281550E-10   8.73884005E-08   1.16099205E+01   -6.60052001E-02   9.08210352E-02   1.10187314E-01   1.15784683E+01   -3.73174176E-02   -1.25150010E-02   1.10518605E-01   1.15691938E+01   -2.52663139E-02   5.48287667E-02   1.10489234E-01   1.68398583E+00   2.18540125E+06   1.00308037E+01   1.68085337E+00   2.20412250E+06   1.02187510E+01   1.68333709E+00   2.18998275E+06   1.00767994E+01 
0 680 2.83581802E-09   1.21463543E-07   3.03265715E-08   1.15427996E-08   5.96618888E-09   7.74750042E-10   8.56863878E-08   1.16094513E+01   -6.59644902E-02   9.06612948E-02   1.10192657E-01   1.15786333E+01   -3.71410251E-02   -1.27140023E-02   1.10518694E-01   1.15698919E+01   -2.50965916E-02   5.44951968E-02   1.10484973E-01   1.68400407E+00   2.18526350E+06   1.00294209E+01   1.68084645E+00   2.20415650E+06   1.02190924E+01   1.68334579E+00   2.18992475E+06   1.00762157E+01 
0 690 2.72458767E-09   1.17917310E-07   2.94063813E-08   1.12346523E-08   5.86334847E-09   7.71152087E-10   8.40800141E-08   1.16089067E+01   -6.59126863E-02   9.05766040E-02   1.10198580E-01   1.15786314E+01   -3.69800851E-02   -1.28302881E-02   1.10520184E-01   1.15705280E+01   -2.48745196E-02   5.41935824E-02   1.10481076E-01   1.68402278E+00   2.18512200E+06   1.00280008E+01   1.68083930E+00   2.20419250E+06   1.02194538E+01   1.68335664E+00   2.18985250E+06   1.00754910E+01 
0 700 2.67020450E-09   1.14473430E-07   2.84723054E-08   1.08425517E-08   6.00486283E-09   7.67433728E-10   8.24872828E-08   1.16082983E+01   -6.58500791E-02   9.05458331E-02   1.10205002E-01   1.15785332E+01   -3.68347764E-02   -1.29134338E-02   1.10522486E-01   1.15709791E+01   -2.45917793E-02   5.39900064E-02   1.10478669E-01   1.68404210E+00   2.18497575E+06   1.00265331E+01   1.68083429E+00   2.20421700E+06   1.02196989E+01   1.68336916E+00   2.18976825E+06   1.00746450E+01 
0 710 2.64211719E-09   1.11137638E-07   2.75711560E-08   1.03931015E-08   6.14807272E-09   7.63573260E-10   8.08856342E-08   1.16076641E+01   -6.57804981E-02   9.05441046E-02   1.10211611E-01   1.15784369E+01   -3.66975963E-02   -1.29912868E-02   1.10524736E-01   1.15711956E+01   -2.42591985E-02   5.39067164E-02   1.10478289E-01   1.68406177E+00   2.18482600E+06   1.00250301E+01   1.68083346E+00   2.20422125E+06   1.02197418E+01   1.68338263E+00   2.18967800E+06   1.00737400E+01 
0 720 2.59843724E-09   1.07923654E-07   2.67382418E-08   1.00137285E-08   6.08923845E-09   7.59581675E-10   7.92760133E-08   1.16070566E+01   -6.57109842E-02   9.05610397E-02   1.10217966E-01   1.15784283E+01   -3.65591012E-02   -1.30588217E-02   1.10526212E-01   1.15712318E+01   -2.38990784E-02   5.39243892E-02   1.10479511E-01   1.68408144E+00   2.18467650E+06   1.00235291E+01   1.68083656E+00   2.20420575E+06   1.02195864E+01   1.68339586E+00   2.18958925E+06   1.00728483E+01 
0 730 2.52440757E-09   1.04831152E-07   2.59605155E-08   9.76251524E-09   5.80057558E-09   7.55496943E-10   7.76664635E-08   1.16065216E+01   -6.56484067E-02   9.06010866E-02   1.10223711E-01   1.15785427E+01   -3.64119485E-02   -1.30954580E-02   1.10526636E-01   1.15712214E+01   -2.35325396E-02   5.39989471E-02   1.10481150E-01   1.68410027E+00   2.18453150E+06   1.00220718E+01   1.68084192E+00   2.20417950E+06   1.02193232E+01   1.68340802E+00   2.18950725E+06   1.00720253E+01 
0 740 2.43434939E-09   1.01850212E-07   2.51977887E-08   9.57125312E-09   5.38851141E-09   7.51385787E-10   7.60730146E-08   1.16060801E+01   -6.55951798E-02   9.06700715E-02   1.10228673E-01   1.15787554E+01   -3.62519808E-02   -1.30927721E-02   1.10526279E-01   1.15713167E+01   -2.31693070E-02   5.40837198E-02   1.10481828E-01   1.68411815E+00   2.18439400E+06   1.00206909E+01   1.68084669E+00   2.20415575E+06   1.02190838E+01   1.68341887E+00   2.18943350E+06   1.00712852E+01 
0 750 2.35311659E-09   9.89805642E-08   2.44211424E-08   9.33529343E-09   4.98967268E-09   7.47306605E-10   7.45232214E-08   1.16057253E+01   -6.55484051E-02   9.07614678E-02   1.10232949E-01   1.15790005E+01   -3.60775553E-02   -1.30695421E-02   1.10525772E-01   1.15716162E+01   -2.28058901E-02   5.41472025E-02   1.10480659E-01   1.68413484E+00   2.18426500E+06   1.00193977E+01   1.68084884E+00   2.20414500E+06   1.02189770E+01   1.68342888E+00   2.18936600E+06   1.00706062E+01 
0 760 2.29785835E-09   9.62347286E-08   2.36268658E-08   9.00398955E-09   4.68288075E-09   7.43301032E-10   7.30628642E-08   1.16054287E+01   -6.55016974E-02   9.08534229E-02   1.10236809E-01   1.15792017E+01   -3.58872972E-02   -1.30649498E-02   1.10525802E-01   1.15721226E+01   -2.24353187E-02   5.41805066E-02   1.10477626E-01   1.68415034E+00   2.18414450E+06   1.00181866E+01   1.68084753E+00   2.20415125E+06   1.02190409E+01   1.68343866E+00   2.18930000E+06   1.00699434E+01 
0 770 2.27045405E-09   9.36229370E-08   2.28316388E-08   8.59923688E-09   4.46480097E-09   7.39383721E-10   7.17018693E-08   1.16051550E+01   -6.54478967E-02   9.09180045E-02   1.10240549E-01   1.15793028E+01   -3.56781334E-02   -1.31158400E-02   1.10526830E-01   1.15727472E+01   -2.20565740E-02   5.41905984E-02   1.10473573E-01   1.68416512E+00   2.18403000E+06   1.00170374E+01   1.68084359E+00   2.20417100E+06   1.02192373E+01   1.68344879E+00   2.18923125E+06   1.00692549E+01 
0 780 2.26086172E-09   9.11413096E-08   2.20612026E-08   8.18435808E-09   4.29278302E-09   7.35547956E-10   7.04096337E-08   1.16048765E+01   -6.53824732E-02   9.09363180E-02   1.10244431E-01   1.15792856E+01   -3.54475304E-02   -1.32334232E-02   1.10528968E-01   1.15733614E+01   -2.16764901E-02   5.41855879E-02   1.10469691E-01   1.68417919E+00   2.18391950E+06   1.00159283E+01   1.68083882E+00   2.20419475E+06   1.02194777E+01   1.68345964E+00   2.18915725E+06   1.00685120E+01 
0 790 2.25616548E-09   8.87738736E-08   2.13314557E-08   7.82024046E-09   4.14940260E-09   7.31774474E-10   6.91508149E-08   1.16045732E+01   -6.53062537E-02   9.09092501E-02   1.10248566E-01   1.15791655E+01   -3.51965055E-02   -1.33960089E-02   1.10532008E-01   1.15738592E+01   -2.13050917E-02   5.41641302E-02   1.10466965E-01   1.68419302E+00   2.18381125E+06   1.00148420E+01   1.68083489E+00   2.20421425E+06   1.02196732E+01   1.68347144E+00   2.18907725E+06   1.00677071E+01 
0 800 2.24834618E-09   8.65012524E-08   2.06473185E-08   7.53702167E-09   4.06850287E-09   7.28036853E-10   6.79089638E-08   1.16042414E+01   -6.52245954E-02   9.08579230E-02   1.10252962E-01   1.15789747E+01   -3.49306464E-02   -1.35575393E-02   1.10535592E-01   1.15741968E+01   -2.09474061E-02   5.41162826E-02   1.10465750E-01   1.68420672E+00   2.18370400E+06   1.00137663E+01   1.68083286E+00   2.20422425E+06   1.02197733E+01   1.68348396E+00   2.18899175E+06   1.00668497E+01 
0 810 2.23448238E-09   8.43031316E-08   1.99988222E-08   7.31800442E-09   4.09465040E-09   7.24316884E-10   6.66783677E-08   1.16038837E+01   -6.51445463E-02   9.08140615E-02   1.10257551E-01   1.15787497E+01   -3.46615352E-02   -1.36698261E-02   1.10539407E-01   1.15744009E+01   -2.05974989E-02   5.40341884E-02   1.10465743E-01   1.68422019E+00   2.18359725E+06   1.00126944E+01   1.68083274E+00   2.20422450E+06   1.02197752E+01   1.68349695E+00   2.18890275E+06   1.00659552E+01 
0 820 2.21141550E-09   8.21613071E-08   1.93778007E-08   7.11776238E-09   4.20566115E-09   7.20605076E-10   6.54649810E-08   1.16035080E+01   -6.50721341E-02   9.08063501E-02   1.10262252E-01   1.15785170E+01   -3.44023965E-02   -1.37040336E-02   1.10543199E-01   1.15745325E+01   -2.02409737E-02   5.39252535E-02   1.10466309E-01   1.68423367E+00   2.18349075E+06   1.00116243E+01   1.68083405E+00   2.20421800E+06   1.02197094E+01   1.68351018E+00   2.18881150E+06   1.00650396E+01 
0 830 2.17233165E-09   8.00727307E-08   1.87871567E-08   6.91721214E-09   4.29442304E-09   7.16897985E-10   6.42800657E-08   1.16031256E+01   -6.50107786E-02   9.08494592E-02   1.10266984E-01   1.15782938E+01   -3.41637060E-02   -1.36596421E-02   1.10546857E-01   1.15746536E+01   -1.98649112E-02   5.38165234E-02   1.10466868E-01   1.68424714E+00   2.18338450E+06   1.00105562E+01   1.68083608E+00   2.20420800E+06   1.02196083E+01   1.68352365E+00   2.18871925E+06   1.00641146E+01 
0 840 2.11268092E-09   7.80516984E-08   1.82405540E-08   6.75748124E-09   4.24584412E-09   7.13200554E-10   6.31308694E-08   1.16027489E+01   -6.49609342E-02   9.09406021E-02   1.10271662E-01   1.15780945E+01   -3.39503251E-02   -1.35597950E-02   1.10550322E-01   1.15747919E+01   -1.94679815E-02   5.37447967E-02   1.10467188E-01   1.68426037E+00   2.18327900E+06   1.00094976E+01   1.68083858E+00   2.20419600E+06   1.02194891E+01   1.68353689E+00   2.18862775E+06   1.00631952E+01 
0 850 2.04080153E-09   7.61157537E-08   1.77319794E-08   6.68210376E-09   4.03071132E-09   7.09526549E-10   6.20246254E-08   1.16023941E+01   -6.49206564E-02   9.10634920E-02   1.10276163E-01   1.15779285E+01   -3.37601081E-02   -1.34383775E-02   1.10553548E-01   1.15749416E+01   -1.90648269E-02   5.37374057E-02   1.10467367E-01   1.68427336E+00   2.18317550E+06   1.00084600E+01   1.68084145E+00   2.20418175E+06   1.02193460E+01   1.68354988E+00   2.18853825E+06   1.00622978E+01 
0 860 1.97859773E-09   7.42677670E-08   1.72187047E-08   6.64683508E-09   3.73619802E-09   7.05898617E-10   6.09690574E-08   1.16020784E+01   -6.48866743E-02   9.11959931E-02   1.10280372E-01   1.15778008E+01   -3.35855484E-02   -1.33262919E-02   1.10556513E-01   1.15750866E+01   -1.86800454E-02   5.37951775E-02   1.10467657E-01   1.68428576E+00   2.18307600E+06   1.00074615E+01   1.68084490E+00   2.20416450E+06   1.02191725E+01   1.68356228E+00   2.18845275E+06   1.00614376E+01 
0 870 1.94482919E-09   7.24951050E-08   1.66554166E-08   6.54007204E-09   3.50205287E-09   7.02345793E-10   5.99705388E-08   1.16018133E+01   -6.48556203E-02   9.13178027E-02   1.10284187E-01   1.15777102E+01   -3.34170014E-02   -1.32427514E-02   1.10559218E-01   1.15752182E+01   -1.83342136E-02   5.38873076E-02   1.10468179E-01   1.68429744E+00   2.18298225E+06   1.00065203E+01   1.68084884E+00   2.20414475E+06   1.02189732E+01   1.68357384E+00   2.18837200E+06   1.00606270E+01 
0 880 1.93554928E-09   7.07864487E-08   1.60472382E-08   6.30000940E-09   3.38959238E-09   6.98892999E-10   5.90333578E-08   1.16016016E+01   -6.48249388E-02   9.14151967E-02   1.10287577E-01   1.15776443E+01   -3.32458541E-02   -1.31933009E-02   1.10561781E-01   1.15753450E+01   -1.80335529E-02   5.39640337E-02   1.10468879E-01   1.68430817E+00   2.18289550E+06   1.00056486E+01   1.68085301E+00   2.20412425E+06   1.02187672E+01   1.68358481E+00   2.18829600E+06   1.00598660E+01 
0 890 1.92716132E-09   6.91427786E-08   1.54474904E-08   5.97742345E-09   3.33058070E-09   6.95552338E-10   5.81678847E-08   1.16014357E+01   -6.47928193E-02   9.14826766E-02   1.10290617E-01   1.15775795E+01   -3.30674388E-02   -1.31728398E-02   1.10564359E-01   1.15754795E+01   -1.77697726E-02   5.39815389E-02   1.10469595E-01   1.68431807E+00   2.18281575E+06   1.00048485E+01   1.68085682E+00   2.20410525E+06   1.02185774E+01   1.68359506E+00   2.18822425E+06   1.00591450E+01 
0 900 1.89961447E-09   6.75709160E-08   1.48993013E-08   5.67958613E-09   3.23777360E-09   6.92320312E-10   5.73449697E-08   1.16012945E+01   -6.47582784E-02   9.15225372E-02   1.10293455E-01   1.15774908E+01   -3.28820795E-02   -1.31703727E-02   1.10567145E-01   1.15756235E+01   -1.75268613E-02   5.39237186E-02   1.10470273E-01   1.68432724E+00   2.18274200E+06   1.00041084E+01   1.68086016E+00   2.20408850E+06   1.02184105E+01   1.68360507E+00   2.18815450E+06   1.00584450E+01 
0 910 1.85159743E-09   6.60676278E-08   1.44008663E-08   5.45957768E-09   3.10880677E-09   6.89180546E-10   5.65434419E-08   1.16011534E+01   -6.47213608E-02   9.15431604E-02   1.10296287E-01   1.15773640E+01   -3.26945335E-02   -1.31726339E-02   1.10570267E-01   1.15757475E+01   -1.72908343E-02   5.38090058E-02   1.10471107E-01   1.68433583E+00   2.18267225E+06   1.00034075E+01   1.68086350E+00   2.20407225E+06   1.02182465E+01   1.68361509E+00   2.18808500E+06   1.00577459E+01 
0 920 1.79529003E-09   6.46196554E-08   1.39287355E-08   5.29066124E-09   3.00409364E-09   6.86107671E-10   5.57521425E-08   1.16009941E+01   -6.46831319E-02   9.15566608E-02   1.10299274E-01   1.15771952E+01   -3.25122215E-02   -1.31663820E-02   1.10573716E-01   1.15758085E+01   -1.70579460E-02   5.36791347E-02   1.10472493E-01   1.68434417E+00   2.18260425E+06   1.00027256E+01   1.68086755E+00   2.20405175E+06   1.02180405E+01   1.68362522E+00   2.18801400E+06   1.00570345E+01 
0 930 1.74128201E-09   6.32160848E-08   1.34753995E-08   5.13855714E-09   2.95751490E-09   6.83081092E-10   5.49790649E-08   1.16008081E+01   -6.46452829E-02   9.15762186E-02   1.10302486E-01   1.15770016E+01   -3.23431343E-02   -1.31403469E-02   1.10577352E-01   1.15757618E+01   -1.68359913E-02   5.35766520E-02   1.10474832E-01   1.68435252E+00   2.18253675E+06   1.00020456E+01   1.68087351E+00   2.20402225E+06   1.02177458E+01   1.68363547E+00   2.18794225E+06   1.00563135E+01 
0 940 1.69116066E-09   6.18527451E-08   1.30512410E-08   5.01303443E-09   2.93804137E-09   6.80091206E-10   5.42295489E-08   1.16006012E+01   -6.46096468E-02   9.16130170E-02   1.10305861E-01   1.15768108E+01   -3.21937129E-02   -1.30874990E-02   1.10580921E-01   1.15755939E+01   -1.66373327E-02   5.35238422E-02   1.10478260E-01   1.68436086E+00   2.18246875E+06   1.00013638E+01   1.68088174E+00   2.20398150E+06   1.02173357E+01   1.68364561E+00   2.18787075E+06   1.00555964E+01 
0 950 1.64211356E-09   6.05299348E-08   1.26647191E-08   4.94162489E-09   2.89740365E-09   6.77140843E-10   5.35083444E-08   1.16003914E+01   -6.45777062E-02   9.16732997E-02   1.10309251E-01   1.15766535E+01   -3.20670791E-02   -1.30071659E-02   1.10584177E-01   1.15753298E+01   -1.64707284E-02   5.35146371E-02   1.10482574E-01   1.68436909E+00   2.18240125E+06   1.00006866E+01   1.68089211E+00   2.20393000E+06   1.02168188E+01   1.68365538E+00   2.18780200E+06   1.00549049E+01 
0 960 1.59404034E-09   5.92478031E-08   1.23063186E-08   4.92517716E-09   2.82150481E-09   6.74241107E-10   5.28105097E-08   1.16002016E+01   -6.45502508E-02   9.17564109E-02   1.10312469E-01   1.15765495E+01   -3.19623128E-02   -1.29056666E-02   1.10586949E-01   1.15750227E+01   -1.63381416E-02   5.35229146E-02   1.10487297E-01   1.68437707E+00   2.18233600E+06   1.00000324E+01   1.68090379E+00   2.20387150E+06   1.02162304E+01   1.68366456E+00   2.18773750E+06   1.00542593E+01 
0 970 1.55152013E-09   5.80053801E-08   1.19535386E-08   4.92450125E-09   2.73446288E-09   6.71405764E-10   5.21485859E-08   1.16000528E+01   -6.45271912E-02   9.18549746E-02   1.10315353E-01   1.15765047E+01   -3.18749174E-02   -1.27946930E-02   1.10589214E-01   1.15747261E+01   -1.62348263E-02   5.35194539E-02   1.10491939E-01   1.68438458E+00   2.18227475E+06   9.99941730E+00   1.68091607E+00   2.20381050E+06   1.02156181E+01   1.68367279E+00   2.18767925E+06   1.00536728E+01 
0 980 1.52059731E-09   5.68053942E-08   1.15838930E-08   4.88562479E-09   2.67318567E-09   6.68644973E-10   5.15299377E-08   1.15999527E+01   -6.45077601E-02   9.19569284E-02   1.10317834E-01   1.15765066E+01   -3.17981951E-02   -1.26877762E-02   1.10591091E-01   1.15744696E+01   -1.61528476E-02   5.34872413E-02   1.10496223E-01   1.68439138E+00   2.18221900E+06   9.99885654E+00   1.68092811E+00   2.20375025E+06   1.02150135E+01   1.68368018E+00   2.18762675E+06   1.00531473E+01 
0 990 1.50366131E-09   5.56522366E-08   1.11871321E-08   4.76967843E-09   2.65630362E-09   6.65962396E-10   5.09397076E-08   1.15999022E+01   -6.44907504E-02   9.20490623E-02   1.10319935E-01   1.15765305E+01   -3.17254066E-02   -1.25960726E-02   1.10592797E-01   1.15742455E+01   -1.60873588E-02   5.34274392E-02   1.10500231E-01   1.68439746E+00   2.18216900E+06   9.99835587E+00   1.68093991E+00   2.20369125E+06   1.02144222E+01   1.68368697E+00   2.18757950E+06   1.00526714E+01 
0 1000 1.49566304E-09   5.45488099E-08   1.07740492E-08   4.57215465E-09   2.66501354E-09   6.63353872E-10   5.03565580E-08   1.15998869E+01   -6.44747987E-02   9.21207219E-02   1.10321768E-01   1.15765524E+01   -3.16515528E-02   -1.25250425E-02   1.10594563E-01   1.15740147E+01   -1.60395149E-02   5.33533953E-02   1.10504337E-01   1.68440282E+00   2.18212500E+06   9.99791241E+00   1.68095183E+00   2.20363150E+06   1.02138214E+01   1.68369317E+00   2.18753525E+06   1.00522289E+01 
0 1010 1.48570534E-09   5.34930287E-08   1.03689120E-08   4.32859260E-09   2.65479239E-09   6.60810962E-10   4.97733978E-08   1.15998898E+01   -6.44584671E-02   9.21667144E-02   1.10323474E-01   1.15765514E+01   -3.15742157E-02   -1.24731641E-02   1.10596538E-01   1.15737305E+01   -1.60146970E-02   5.32781705E-02   1.10508956E-01   1.68440759E+00   2.18208550E+06   9.99751663E+00   1.68096459E+00   2.20356725E+06   1.02131777E+01   1.68369913E+00   2.18749300E+06   1.00518036E+01 
0 1020 1.46354839E-09   5.24789172E-08   9.99433514E-09   4.09790424E-09   2.59156341E-09   6.58323507E-10   4.91937691E-08   1.15998917E+01   -6.44404441E-02   9.21885073E-02   1.10325225E-01   1.15765219E+01   -3.14939469E-02   -1.24331871E-02   1.10598773E-01   1.15733604E+01   -1.60183143E-02   5.32049946E-02   1.10514410E-01   1.68441200E+00   2.18204925E+06   9.99715233E+00   1.68097878E+00   2.20349625E+06   1.02124634E+01   1.68370497E+00   2.18745125E+06   1.00513840E+01 
0 1030 1.42583789E-09   5.14968583E-08   9.65966152E-09   3.92467792E-09   2.47858067E-09   6.55880961E-10   4.86243295E-08   1.15998764E+01   -6.44198880E-02   9.21935886E-02   1.10327117E-01   1.15764685E+01   -3.14136259E-02   -1.23950988E-02   1.10601194E-01   1.15728989E+01   -1.60514936E-02   5.31266183E-02   1.10520720E-01   1.68441617E+00   2.18201450E+06   9.99680424E+00   1.68099463E+00   2.20341675E+06   1.02116652E+01   1.68371081E+00   2.18740950E+06   1.00509663E+01 
0 1040 1.37751122E-09   5.05357214E-08   9.35809830E-09   3.81251875E-09   2.35382625E-09   6.53474885E-10   4.80623648E-08   1.15998363E+01   -6.43965602E-02   9.21934396E-02   1.10329218E-01   1.15764046E+01   -3.13370116E-02   -1.23494864E-02   1.10603668E-01   1.15723619E+01   -1.61099806E-02   5.30328043E-02   1.10527717E-01   1.68442035E+00   2.18198025E+06   9.99645996E+00   1.68101192E+00   2.20332925E+06   1.02107878E+01   1.68371665E+00   2.18736850E+06   1.00505533E+01 
0 1050 1.32781119E-09   4.95883157E-08   9.07838515E-09   3.73408948E-09   2.25841212E-09   6.51097731E-10   4.75139181E-08   1.15997725E+01   -6.43709823E-02   9.22005028E-02   1.10331498E-01   1.15763474E+01   -3.12673338E-02   -1.22903446E-02   1.10606052E-01   1.15717764E+01   -1.61869172E-02   5.29198162E-02   1.10535152E-01   1.68442452E+00   2.18194550E+06   9.99611187E+00   1.68103063E+00   2.20323550E+06   1.02098446E+01   1.68372226E+00   2.18732850E+06   1.00501528E+01 
0 1060 1.28518152E-09   4.86543037E-08   8.81658746E-09   3.66763953E-09   2.20301377E-09   6.48744392E-10   4.69762007E-08   1.15996914E+01   -6.43445253E-02   9.22249630E-02   1.10333897E-01   1.15763111E+01   -3.12063750E-02   -1.22165978E-02   1.10608213E-01   1.15711622E+01   -1.62768885E-02   5.27947582E-02   1.10542834E-01   1.68442869E+00   2.18191025E+06   9.99575806E+00   1.68105018E+00   2.20313625E+06   1.02088490E+01   1.68372750E+00   2.18729100E+06   1.00497761E+01 
0 1070 1.25517552E-09   4.77400199E-08   8.57600213E-09   3.61441366E-09   2.17120166E-09   6.46412535E-10   4.64562113E-08   1.15996046E+01   -6.43191487E-02   9.22720209E-02   1.10336311E-01   1.15763044E+01   -3.11541986E-02   -1.21320207E-02   1.10610090E-01   1.15705261E+01   -1.63787026E-02   5.26718833E-02   1.10550702E-01   1.68443298E+00   2.18187500E+06   9.99540424E+00   1.68107080E+00   2.20303225E+06   1.02078056E+01   1.68373227E+00   2.18725675E+06   1.00494308E+01 
0 1080 1.24077781E-09   4.68516781E-08   8.35382696E-09   3.57941299E-09   2.15158735E-09   6.44102771E-10   4.59529055E-08   1.15995283E+01   -6.42967448E-02   9.23403725E-02   1.10338628E-01   1.15763292E+01   -3.11093703E-02   -1.20438654E-02   1.10611685E-01   1.15698671E+01   -1.64952669E-02   5.25636449E-02   1.10558800E-01   1.68443716E+00   2.18184075E+06   9.99505901E+00   1.68109226E+00   2.20292350E+06   1.02067137E+01   1.68373656E+00   2.18722600E+06   1.00491228E+01 
0 1090 1.24196020E-09   4.59899283E-08   8.13470358E-09   3.54835961E-09   2.15306839E-09   6.41818543E-10   4.54673277E-08   1.15994759E+01   -6.42784536E-02   9.24223140E-02   1.10340744E-01   1.15763807E+01   -3.10695581E-02   -1.19606191E-02   1.10613056E-01   1.15691776E+01   -1.66311394E-02   5.24723381E-02   1.10567205E-01   1.68444097E+00   2.18180850E+06   9.99473572E+00   1.68111455E+00   2.20280975E+06   1.02055731E+01   1.68374038E+00   2.18719900E+06   1.00488520E+01 
0 1100 1.25332111E-09   4.51496192E-08   7.90207988E-09   3.49331697E-09   2.18451368E-09   6.39564512E-10   4.49998616E-08   1.15994549E+01   -6.42642975E-02   9.25057679E-02   1.10342599E-01   1.15764465E+01   -3.10323238E-02   -1.18894754E-02   1.10614300E-01   1.15684566E+01   -1.67895369E-02   5.23876771E-02   1.10575952E-01   1.68444443E+00   2.18177950E+06   9.99444485E+00   1.68113780E+00   2.20269150E+06   1.02043848E+01   1.68374372E+00   2.18717525E+06   1.00486145E+01 
0 1110 1.26345245E-09   4.43251906E-08   7.65462715E-09   3.39998385E-09   2.22741026E-09   6.37343789E-10   4.45493917E-08   1.15994663E+01   -6.42530993E-02   9.25775617E-02   1.10344194E-01   1.15765152E+01   -3.09957583E-02   -1.18342759E-02   1.10615514E-01   1.15677061E+01   -1.69707276E-02   5.22920117E-02   1.10585012E-01   1.68444753E+00   2.18175450E+06   9.99419308E+00   1.68116176E+00   2.20256900E+06   1.02031565E+01   1.68374658E+00   2.18715425E+06   1.00484018E+01 
0 1120 1.25928368E-09   4.35144969E-08   7.40842099E-09   3.28388805E-09   2.24081553E-09   6.35156483E-10   4.41097292E-08   1.15995045E+01   -6.42428994E-02   9.26271304E-02   1.10345580E-01   1.15765734E+01   -3.09586395E-02   -1.17944172E-02   1.10616818E-01   1.15669308E+01   -1.71720944E-02   5.21700978E-02   1.10594332E-01   1.68445003E+00   2.18173350E+06   9.99398136E+00   1.68118644E+00   2.20244325E+06   1.02018919E+01   1.68374932E+00   2.18713450E+06   1.00482044E+01 
0 1130 1.23265165E-09   4.27190905E-08   7.18253323E-09   3.17736948E-09   2.19239693E-09   6.32998876E-10   4.36816130E-08   1.15995550E+01   -6.42315522E-02   9.26495716E-02   1.10346876E-01   1.15766144E+01   -3.09204422E-02   -1.17650917E-02   1.10618256E-01   1.15661297E+01   -1.73895005E-02   5.20175882E-02   1.10603906E-01   1.68445218E+00   2.18171550E+06   9.99380207E+00   1.68121159E+00   2.20231400E+06   1.02005939E+01   1.68375206E+00   2.18711525E+06   1.00480099E+01 
0 1140 1.18440235E-09   4.19408650E-08   6.98421054E-09   3.10217807E-09   2.08154982E-09   6.30864194E-10   4.32624958E-08   1.15996008E+01   -6.42175451E-02   9.26470086E-02   1.10348202E-01   1.15766354E+01   -3.08813192E-02   -1.17389513E-02   1.10619850E-01   1.15652962E+01   -1.76196396E-02   5.18428758E-02   1.10613763E-01   1.68445408E+00   2.18169950E+06   9.99364185E+00   1.68123758E+00   2.20218075E+06   1.01992569E+01   1.68375480E+00   2.18709550E+06   1.00478144E+01 
0 1150 1.12360232E-09   4.11792840E-08   6.81067336E-09   3.05534997E-09   1.93876137E-09   6.28744223E-10   4.28482991E-08   1.15996284E+01   -6.42002746E-02   9.26278606E-02   1.10349692E-01   1.15766411E+01   -3.08420397E-02   -1.17086461E-02   1.10621549E-01   1.15644226E+01   -1.78612098E-02   5.16621843E-02   1.10623986E-01   1.68445587E+00   2.18168400E+06   9.99348640E+00   1.68126428E+00   2.20204275E+06   1.01978722E+01   1.68375754E+00   2.18707550E+06   1.00476131E+01 
0 1160 1.06326747E-09   4.04315941E-08   6.65441702E-09   3.02001424E-09   1.80719362E-09   6.26631635E-10   4.24406572E-08   1.15996256E+01   -6.41802028E-02   9.26042199E-02   1.10351413E-01   1.15766401E+01   -3.08037251E-02   -1.16692400E-02   1.10623285E-01   1.15635014E+01   -1.81144979E-02   5.14909029E-02   1.10634618E-01   1.68445790E+00   2.18166750E+06   9.99331951E+00   1.68129218E+00   2.20189925E+06   1.01964312E+01   1.68376040E+00   2.18705525E+06   1.00474100E+01 
0 1170 1.01433462E-09   3.96942035E-08   6.51153176E-09   2.98406588E-09   1.71587966E-09   6.24522545E-10   4.20435597E-08   1.15995922E+01   -6.41586855E-02   9.25881788E-02   1.10353373E-01   1.15766439E+01   -3.07676028E-02   -1.16197430E-02   1.10624947E-01   1.15625343E+01   -1.83804613E-02   5.13364896E-02   1.10645667E-01   1.68446016E+00   2.18164900E+06   9.99313354E+00   1.68132102E+00   2.20174975E+06   1.01949301E+01   1.68376315E+00   2.18703550E+06   1.00472116E+01 
0 1180 9.81467796E-10   3.89643695E-08   6.38279962E-09   2.94844149E-09   1.66441227E-09   6.22416119E-10   4.16555785E-08   1.15995359E+01   -6.41374066E-02   9.25884172E-02   1.10355519E-01   1.15766640E+01   -3.07347514E-02   -1.15632005E-02   1.10626459E-01   1.15615311E+01   -1.86599698E-02   5.11964783E-02   1.10657036E-01   1.68446255E+00   2.18162850E+06   9.99292850E+00   1.68135083E+00   2.20159475E+06   1.01933756E+01   1.68376577E+00   2.18701700E+06   1.00470257E+01 
0 1190 9.62470659E-10   3.82405894E-08   6.26866692E-09   2.92166025E-09   1.63146685E-09   6.20314078E-10   4.12828420E-08   1.15994682E+01   -6.41178712E-02   9.26079899E-02   1.10357732E-01   1.15767031E+01   -3.07057984E-02   -1.15054371E-02   1.10627793E-01   1.15605078E+01   -1.89530868E-02   5.10616638E-02   1.10668592E-01   1.68446517E+00   2.18160650E+06   9.99270916E+00   1.68138134E+00   2.20143575E+06   1.01917791E+01   1.68376803E+00   2.18700050E+06   1.00468597E+01 
0 1200 9.51484114E-10   3.75228559E-08   6.16516171E-09   2.90813529E-09   1.59814662E-09   6.18219753E-10   4.09235987E-08   1.15994053E+01   -6.41010255E-02   9.26438421E-02   1.10359892E-01   1.15767593E+01   -3.06806751E-02   -1.14529543E-02   1.10628963E-01   1.15594788E+01   -1.92592870E-02   5.09220809E-02   1.10680208E-01   1.68446779E+00   2.18158450E+06   9.99248695E+00   1.68141222E+00   2.20127400E+06   1.01901541E+01   1.68377006E+00   2.18698625E+06   1.00467157E+01 
0 1210 9.42578682E-10   3.68122741E-08   6.06447292E-09   2.90073165E-09   1.56068292E-09   6.16136364E-10   4.05692049E-08   1.15993614E+01   -6.40870109E-02   9.26881731E-02   1.10361896E-01   1.15768261E+01   -3.06585673E-02   -1.14107961E-02   1.10630050E-01   1.15584507E+01   -1.95778944E-02   5.07721789E-02   1.10691808E-01   1.68447030E+00   2.18156350E+06   9.99227619E+00   1.68144345E+00   2.20111025E+06   1.01885099E+01   1.68377173E+00   2.18697400E+06   1.00465918E+01 
0 1220 9.31251853E-10   3.61106238E-08   5.95979532E-09   2.88512991E-09   1.52509916E-09   6.14066742E-10   4.02089242E-08   1.15993423E+01   -6.40752912E-02   9.27309245E-02   1.10363692E-01   1.15768919E+01   -3.06381304E-02   -1.13811260E-02   1.10631153E-01   1.15574236E+01   -1.99082550E-02   5.06124832E-02   1.10703401E-01   1.68447256E+00   2.18154450E+06   9.99208546E+00   1.68147492E+00   2.20094500E+06   1.01868515E+01   1.68377328E+00   2.18696275E+06   1.00464811E+01 
0 1230 9.14321119E-10   3.54193759E-08   5.85108983E-09   2.85226753E-09   1.49375179E-09   6.12011442E-10   3.98343758E-08   1.15993481E+01   -6.40648380E-02   9.27626863E-02   1.10365301E-01   1.15769434E+01   -3.06178667E-02   -1.13628628E-02   1.10632367E-01   1.15563917E+01   -2.02497076E-02   5.04476912E-02   1.10715054E-01   1.68447459E+00   2.18152825E+06   9.99192142E+00   1.68150651E+00   2.20077800E+06   1.01851759E+01   1.68377471E+00   2.18695200E+06   1.00463734E+01 
0 1240 8.89879059E-10   3.47388820E-08   5.74581538E-09   2.80708701E-09   1.45898560E-09   6.09968243E-10   3.94526545E-08   1.15993681E+01   -6.40545189E-02   9.27772075E-02   1.10366791E-01   1.15769749E+01   -3.05965487E-02   -1.13523323E-02   1.10633753E-01   1.15553446E+01   -2.06014570E-02   5.02830148E-02   1.10726841E-01   1.68447626E+00   2.18151425E+06   9.99178028E+00   1.68153846E+00   2.20060925E+06   1.01834793E+01   1.68377626E+00   2.18694100E+06   1.00462608E+01 
0 1250 8.58275506E-10   3.40678028E-08   5.65337732E-09   2.76584600E-09   1.41081336E-09   6.07933870E-10   3.90691106E-08   1.15993891E+01   -6.40433952E-02   9.27728117E-02   1.10368289E-01   1.15769825E+01   -3.05736028E-02   -1.13445427E-02   1.10635325E-01   1.15542803E+01   -2.09623072E-02   5.01211770E-02   1.10738792E-01   1.68447769E+00   2.18150175E+06   9.99165535E+00   1.68157077E+00   2.20043775E+06   1.01817589E+01   1.68377805E+00   2.18692850E+06   1.00461369E+01 
0 1260 8.23172919E-10   3.34028236E-08   5.57791280E-09   2.74326872E-09   1.35024514E-09   6.05904549E-10   3.86824794E-08   1.15993986E+01   -6.40309528E-02   9.27525982E-02   1.10369891E-01   1.15769701E+01   -3.05493027E-02   -1.13346409E-02   1.10637046E-01   1.15531979E+01   -2.13305578E-02   4.99618910E-02   1.10750899E-01   1.68447912E+00   2.18148950E+06   9.99153423E+00   1.68160331E+00   2.20026400E+06   1.01800137E+01   1.68377995E+00   2.18691500E+06   1.00460005E+01 
0 1270 7.90874477E-10   3.27395320E-08   5.51652590E-09   2.74137979E-09   1.29330935E-09   6.03876837E-10   3.82950738E-08   1.15993834E+01   -6.40172213E-02   9.27233472E-02   1.10371701E-01   1.15769453E+01   -3.05246469E-02   -1.13191660E-02   1.10638864E-01   1.15521059E+01   -2.17043664E-02   4.98034135E-02   1.10763088E-01   1.68448067E+00   2.18147675E+06   9.99140549E+00   1.68163621E+00   2.20008825E+06   1.01782494E+01   1.68378198E+00   2.18690025E+06   1.00458527E+01 
0 1280 7.67428676E-10   3.20741265E-08   5.46193979E-09   2.74993184E-09   1.26001520E-09   6.01847905E-10   3.79072951E-08   1.15993395E+01   -6.40027002E-02   9.26936194E-02   1.10373735E-01   1.15769167E+01   -3.05009242E-02   -1.12968227E-02   1.10640690E-01   1.15510149E+01   -2.20822617E-02   4.96446081E-02   1.10775270E-01   1.68448234E+00   2.18146225E+06   9.99125862E+00   1.68166924E+00   2.19991125E+06   1.01764727E+01   1.68378413E+00   2.18688500E+06   1.00456991E+01 
0 1290 7.54988572E-10   3.14055164E-08   5.40803446E-09   2.75618550E-09   1.25626010E-09   5.99816141E-10   3.75223159E-08   1.15992689E+01   -6.39882013E-02   9.26714540E-02   1.10375986E-01   1.15768919E+01   -3.04791909E-02   -1.12686539E-02   1.10642463E-01   1.15499325E+01   -2.24632416E-02   4.94860932E-02   1.10787354E-01   1.68448436E+00   2.18144550E+06   9.99109173E+00   1.68170214E+00   2.19973400E+06   1.01746941E+01   1.68378615E+00   2.18686950E+06   1.00455446E+01 
0 1300 7.50426554E-10   3.07361852E-08   5.35251798E-09   2.75326184E-09   1.26676070E-09   5.97781269E-10   3.71418274E-08   1.15991793E+01   -6.39745742E-02   9.26623344E-02   1.10378370E-01   1.15768738E+01   -3.04599144E-02   -1.12376017E-02   1.10644162E-01   1.15488653E+01   -2.28467248E-02   4.93298173E-02   1.10799290E-01   1.68448663E+00   2.18142700E+06   9.99090481E+00   1.68173480E+00   2.19955725E+06   1.01729193E+01   1.68378830E+00   2.18685450E+06   1.00453949E+01 
0 1310 7.47532147E-10   3.00708685E-08   5.29537214E-09   2.74251266E-09   1.26741473E-09   5.95743954E-10   3.67698867E-08   1.15990829E+01   -6.39624372E-02   9.26679149E-02   1.10380806E-01   1.15768642E+01   -3.04428264E-02   -1.12076215E-02   1.10645778E-01   1.15478153E+01   -2.32326798E-02   4.91776876E-02   1.10811062E-01   1.68448889E+00   2.18140700E+06   9.99070454E+00   1.68176734E+00   2.19938125E+06   1.01711531E+01   1.68379021E+00   2.18684050E+06   1.00452528E+01 
0 1320 7.40863704E-10   2.94138118E-08   5.23687138E-09   2.72914069E-09   1.24253519E-09   5.93704863E-10   3.64038577E-08   1.15989904E+01   -6.39520660E-02   9.26858112E-02   1.10383183E-01   1.15768595E+01   -3.04270554E-02   -1.11825643E-02   1.10647358E-01   1.15467806E+01   -2.36213654E-02   4.90304269E-02   1.10822693E-01   1.68449140E+00   2.18138675E+06   9.99050140E+00   1.68179941E+00   2.19920650E+06   1.01693983E+01   1.68379211E+00   2.18682700E+06   1.00451183E+01 
0 1330 7.28258842E-10   2.87673689E-08   5.17660670E-09   2.71618839E-09   1.19301014E-09   5.91665050E-10   3.60429837E-08   1.15989103E+01   -6.39433339E-02   9.27104875E-02   1.10385448E-01   1.15768538E+01   -3.04114930E-02   -1.11651011E-02   1.10648945E-01   1.15457592E+01   -2.40123421E-02   4.88874167E-02   1.10834189E-01   1.68449366E+00   2.18136700E+06   9.99030304E+00   1.68183124E+00   2.19903275E+06   1.01676540E+01   1.68379390E+00   2.18681425E+06   1.00449886E+01 
0 1340 7.10823511E-10   2.81305521E-08   5.11393061E-09   2.70274070E-09   1.13287812E-09   5.89624904E-10   3.56773029E-08   1.15988483E+01   -6.39358461E-02   9.27349404E-02   1.10387556E-01   1.15768394E+01   -3.03952545E-02   -1.11559508E-02   1.10650592E-01   1.15447474E+01   -2.44038757E-02   4.87477295E-02   1.10845573E-01   1.68449593E+00   2.18134850E+06   9.99011898E+00   1.68186283E+00   2.19886000E+06   1.01659203E+01   1.68379569E+00   2.18680125E+06   1.00448599E+01 
0 1350 6.91516955E-10   2.75000325E-08   5.05014075E-09   2.68769274E-09   1.07957332E-09   5.87584481E-10   3.53091671E-08   1.15988016E+01   -6.39290810E-02   9.27526802E-02   1.10389546E-01   1.15768137E+01   -3.03779878E-02   -1.11537026E-02   1.10652342E-01   1.15437460E+01   -2.47937925E-02   4.86113057E-02   1.10856853E-01   1.68449783E+00   2.18133175E+06   9.98994923E+00   1.68189394E+00   2.19868850E+06   1.01641979E+01   1.68379748E+00   2.18678825E+06   1.00447283E+01 
0 1360 6.73449518E-10   2.68719429E-08   4.98882091E-09   2.67310551E-09   1.04376763E-09   5.85543114E-10   3.49402214E-08   1.15987654E+01   -6.39225617E-02   9.27593932E-02   1.10391453E-01   1.15767727E+01   -3.03599797E-02   -1.11552756E-02   1.10654213E-01   1.15427580E+01   -2.51803212E-02   4.84793968E-02   1.10867992E-01   1.68449974E+00   2.18131625E+06   9.98979378E+00   1.68192482E+00   2.19851825E+06   1.01624889E+01   1.68379939E+00   2.18677425E+06   1.00445890E+01 
0 1370 6.58841981E-10   2.62429882E-08   4.93360108E-09   2.66406941E-09   1.02556241E-09   5.83499860E-10   3.45706042E-08   1.15987291E+01   -6.39159679E-02   9.27540138E-02   1.10393360E-01   1.15767183E+01   -3.03419940E-02   -1.11568766E-02   1.10656187E-01   1.15417881E+01   -2.55617239E-02   4.83543724E-02   1.10878944E-01   1.68450141E+00   2.18130175E+06   9.98964882E+00   1.68195534E+00   2.19834975E+06   1.01607981E+01   1.68380141E+00   2.18675950E+06   1.00444403E+01 
0 1380 6.48732901E-10   2.56114294E-08   4.88476637E-09   2.66468625E-09   1.01961883E-09   5.81453274E-10   3.42031754E-08   1.15986862E+01   -6.39091209E-02   9.27387252E-02   1.10395335E-01   1.15766535E+01   -3.03249471E-02   -1.11551471E-02   1.10658243E-01   1.15408421E+01   -2.59360019E-02   4.82388176E-02   1.10889658E-01   1.68450308E+00   2.18128750E+06   9.98950481E+00   1.68198514E+00   2.19818375E+06   1.01591311E+01   1.68380356E+00   2.18674375E+06   1.00442820E+01 
0 1390 6.43054554E-10   2.49778669E-08   4.83781459E-09   2.67344813E-09   1.02152675E-09   5.79402248E-10   3.38334836E-08   1.15986290E+01   -6.39020205E-02   9.27181989E-02   1.10397413E-01   1.15765829E+01   -3.03095505E-02   -1.11481370E-02   1.10660329E-01   1.15399265E+01   -2.63016298E-02   4.81339805E-02   1.10900067E-01   1.68450487E+00   2.18127275E+06   9.98935699E+00   1.68201447E+00   2.19802075E+06   1.01574945E+01   1.68380582E+00   2.18672750E+06   1.00441179E+01 
0 1400 6.40519304E-10   2.43443949E-08   4.78546180E-09   2.68305267E-09   1.02795994E-09   5.77345949E-10   3.34623103E-08   1.15985565E+01   -6.38947561E-02   9.26981568E-02   1.10399626E-01   1.15765123E+01   -3.02960537E-02   -1.11358045E-02   1.10662401E-01   1.15390453E+01   -2.66580302E-02   4.80390303E-02   1.10910140E-01   1.68450665E+00   2.18125700E+06   9.98919964E+00   1.68204296E+00   2.19786150E+06   1.01558943E+01   1.68380821E+00   2.18671075E+06   1.00439510E+01 
0 1410 6.38536057E-10   2.37144278E-08   4.72157247E-09   2.68470446E-09   1.03289566E-09   5.75283654E-10   3.30910694E-08   1.15984707E+01   -6.38875291E-02   9.26838294E-02   1.10401943E-01   1.15764465E+01   -3.02841719E-02   -1.11198723E-02   1.10664427E-01   1.15382023E+01   -2.70050745E-02   4.79515754E-02   1.10919841E-01   1.68450868E+00   2.18124025E+06   9.98903084E+00   1.68207061E+00   2.19770625E+06   1.01543369E+01   1.68381047E+00   2.18669450E+06   1.00437860E+01 
0 1420 6.33902153E-10   2.30915695E-08   4.64463135E-09   2.67322919E-09   1.02664932E-09   5.73215364E-10   3.27224718E-08   1.15983753E+01   -6.38805553E-02   9.26786214E-02   1.10404320E-01   1.15763874E+01   -3.02732028E-02   -1.11031793E-02   1.10666394E-01   1.15373964E+01   -2.73423567E-02   4.78689671E-02   1.10929191E-01   1.68451083E+00   2.18122250E+06   9.98885345E+00   1.68209743E+00   2.19755575E+06   1.01528254E+01   1.68381262E+00   2.18667850E+06   1.00436268E+01 
0 1430 6.24125307E-10   2.24791599E-08   4.55766846E-09   2.64935562E-09   1.00029729E-09   5.71141578E-10   3.23584892E-08   1.15982790E+01   -6.38740286E-02   9.26834270E-02   1.10406697E-01   1.15763350E+01   -3.02623175E-02   -1.10887121E-02   1.10668302E-01   1.15366259E+01   -2.76690386E-02   4.77896035E-02   1.10938191E-01   1.68451297E+00   2.18120425E+06   9.98867035E+00   1.68212330E+00   2.19740950E+06   1.01513586E+01   1.68381476E+00   2.18666325E+06   1.00434742E+01 
0 1440 6.08697814E-10   2.18784884E-08   4.46597648E-09   2.61820632E-09   9.52102175E-10   5.69063185E-10   3.19959277E-08   1.15981884E+01   -6.38681054E-02   9.26965773E-02   1.10409021E-01   1.15762854E+01   -3.02508436E-02   -1.10786809E-02   1.10670187E-01   1.15358887E+01   -2.79840864E-02   4.77136001E-02   1.10946864E-01   1.68451500E+00   2.18118625E+06   9.98848915E+00   1.68214834E+00   2.19726800E+06   1.01499367E+01   1.68381667E+00   2.18664900E+06   1.00433292E+01 
0 1450 5.89501559E-10   2.12877804E-08   4.37475656E-09   2.58559152E-09   8.90681695E-10   5.66981129E-10   3.16367483E-08   1.15981083E+01   -6.38628602E-02   9.27144960E-02   1.10411249E-01   1.15762329E+01   -3.02384701E-02   -1.10739004E-02   1.10672079E-01   1.15351810E+01   -2.82865260E-02   4.76426966E-02   1.10955238E-01   1.68451715E+00   2.18116900E+06   9.98831463E+00   1.68217242E+00   2.19713075E+06   1.01485605E+01   1.68381858E+00   2.18663500E+06   1.00431890E+01 
0 1460 5.70007097E-10   2.07036592E-08   4.28793046E-09   2.55601162E-09   8.32027336E-10   5.64896629E-10   3.12843298E-08   1.15980406E+01   -6.38582557E-02   9.27327871E-02   1.10413373E-01   1.15761757E+01   -3.02253310E-02   -1.10736145E-02   1.10674031E-01   1.15345020E+01   -2.85754874E-02   4.75795381E-02   1.10963315E-01   1.68451905E+00   2.18115275E+06   9.98815155E+00   1.68219578E+00   2.19699800E+06   1.01472263E+01   1.68382061E+00   2.18662100E+06   1.00430489E+01 
0 1470 5.53524893E-10   2.01224690E-08   4.20780033E-09   2.53266408E-09   7.90556620E-10   5.62810742E-10   3.09381178E-08   1.15979843E+01   -6.38541505E-02   9.27474350E-02   1.10415399E-01   1.15761080E+01   -3.02119367E-02   -1.10757928E-02   1.10676050E-01   1.15338526E+01   -2.88501773E-02   4.75266762E-02   1.10971086E-01   1.68452084E+00   2.18113775E+06   9.98800087E+00   1.68221831E+00   2.19686950E+06   1.01459370E+01   1.68382251E+00   2.18660675E+06   1.00429068E+01 
0 1480 5.41713840E-10   1.95420569E-08   4.13542933E-09   2.51805354E-09   7.70052022E-10   5.60724023E-10   3.05941974E-08   1.15979357E+01   -6.38503507E-02   9.27558988E-02   1.10417373E-01   1.15760298E+01   -3.01989801E-02   -1.10777663E-02   1.10678151E-01   1.15332355E+01   -2.91098263E-02   4.74857241E-02   1.10978529E-01   1.68452239E+00   2.18112375E+06   9.98786163E+00   1.68224001E+00   2.19674550E+06   1.01446924E+01   1.68382454E+00   2.18659200E+06   1.00427589E+01 
0 1490 5.34200073E-10   1.89623375E-08   4.06908196E-09   2.51309196E-09   7.63305530E-10   5.58636970E-10   3.02547818E-08   1.15978880E+01   -6.38466626E-02   9.27576050E-02   1.10419333E-01   1.15759439E+01   -3.01871039E-02   -1.10769775E-02   1.10680312E-01   1.15326548E+01   -2.93537416E-02   4.74570729E-02   1.10985607E-01   1.68452394E+00   2.18111075E+06   9.98773098E+00   1.68226075E+00   2.19662650E+06   1.01434975E+01   1.68382668E+00   2.18657675E+06   1.00426054E+01 
0 1500 5.29394917E-10   1.83855082E-08   4.00343803E-09   2.51498222E-09   7.60919827E-10   5.56550306E-10   2.99234451E-08   1.15978384E+01   -6.38429970E-02   9.27540511E-02   1.10421315E-01   1.15758543E+01   -3.01767141E-02   -1.10716745E-02   1.10682495E-01   1.15321131E+01   -2.95812804E-02   4.74399552E-02   1.10992298E-01   1.68452537E+00   2.18109825E+06   9.98760509E+00   1.68228054E+00   2.19651275E+06   1.01423550E+01   1.68382883E+00   2.18656125E+06   1.00424490E+01 
0 1510 5.25619437E-10   1.78151840E-08   3.93076904E-09   2.51602161E-09   7.58778818E-10   5.54464419E-10   2.95972455E-08   1.15977812E+01   -6.38393685E-02   9.27482322E-02   1.10423341E-01   1.15757656E+01   -3.01678870E-02   -1.10613648E-02   1.10684656E-01   1.15316153E+01   -2.97919512E-02   4.74326797E-02   1.10998571E-01   1.68452692E+00   2.18108575E+06   9.98747921E+00   1.68229926E+00   2.19640450E+06   1.01412697E+01   1.68383098E+00   2.18654550E+06   1.00422907E+01 
0 1520 5.21472421E-10   1.72549495E-08   3.84372090E-09   2.50600674E-09   7.56777307E-10   5.52380197E-10   2.92737887E-08   1.15977163E+01   -6.38359264E-02   9.27437842E-02   1.10425435E-01   1.15756826E+01   -3.01603712E-02   -1.10469079E-02   1.10686749E-01   1.15311604E+01   -2.99856607E-02   4.74330783E-02   1.11004427E-01   1.68452835E+00   2.18107275E+06   9.98734951E+00   1.68231702E+00   2.19630250E+06   1.01402435E+01   1.68383300E+00   2.18653025E+06   1.00421371E+01 
0 1530 5.15697540E-10   1.67080287E-08   3.73959308E-09   2.47731524E-09   7.53325791E-10   5.50298640E-10   2.89524760E-08   1.15976458E+01   -6.38328642E-02   9.27439556E-02   1.10427558E-01   1.15756102E+01   -3.01536676E-02   -1.10302586E-02   1.10688753E-01   1.15307484E+01   -3.01623438E-02   4.74390909E-02   1.11009866E-01   1.68452990E+00   2.18105975E+06   9.98721790E+00   1.68233359E+00   2.19620650E+06   1.01392794E+01   1.68383503E+00   2.18651550E+06   1.00419912E+01 
0 1540 5.07187015E-10   1.61764593E-08   3.62131614E-09   2.42828357E-09   7.42720829E-10   5.48221413E-10   2.86313053E-08   1.15975723E+01   -6.38303533E-02   9.27507356E-02   1.10429697E-01   1.15755472E+01   -3.01471781E-02   -1.10139158E-02   1.10690668E-01   1.15303774E+01   -3.03219315E-02   4.74491976E-02   1.11014917E-01   1.68453157E+00   2.18104625E+06   9.98708344E+00   1.68234909E+00   2.19611650E+06   1.01383772E+01   1.68383694E+00   2.18650200E+06   1.00418558E+01 
0 1550 4.95414321E-10   1.56608504E-08   3.49599749E-09   2.36373832E-09   7.18299809E-10   5.46150236E-10   2.83058075E-08   1.15975008E+01   -6.38284311E-02   9.27643403E-02   1.10431798E-01   1.15754938E+01   -3.01403683E-02   -1.10002412E-02   1.10692501E-01   1.15300426E+01   -3.04644182E-02   4.74626757E-02   1.11019604E-01   1.68453312E+00   2.18103300E+06   9.98694992E+00   1.68236351E+00   2.19603250E+06   1.01375341E+01   1.68383861E+00   2.18648975E+06   1.00417309E+01 
0 1560 4.80998130E-10   1.51598609E-08   3.37198180E-09   2.29262720E-09   6.78294809E-10   5.44085887E-10   2.79777286E-08   1.15974369E+01   -6.38270155E-02   9.27832425E-02   1.10433832E-01   1.15754442E+01   -3.01329102E-02   -1.09908246E-02   1.10694297E-01   1.15297413E+01   -3.05899289E-02   4.74796891E-02   1.11023962E-01   1.68453455E+00   2.18102025E+06   9.98682117E+00   1.68237698E+00   2.19595425E+06   1.01367493E+01   1.68384016E+00   2.18647825E+06   1.00416155E+01 
0 1570 4.65747274E-10   1.46708983E-08   3.25543614E-09   2.22327334E-09   6.28975372E-10   5.42028200E-10   2.76518204E-08   1.15973825E+01   -6.38259128E-02   9.28046703E-02   1.10435776E-01   1.15753956E+01   -3.01247369E-02   -1.09860506E-02   1.10696077E-01   1.15294695E+01   -3.06987204E-02   4.75013405E-02   1.11028016E-01   1.68453598E+00   2.18100825E+06   9.98670101E+00   1.68238938E+00   2.19588150E+06   1.01360178E+01   1.68384171E+00   2.18646750E+06   1.00415077E+01 
0 1580 4.51922971E-10   1.41910013E-08   3.14969140E-09   2.16101714E-09   5.82757176E-10   5.39977840E-10   2.73291754E-08   1.15973396E+01   -6.38248622E-02   9.28253308E-02   1.10437624E-01   1.15753441E+01   -3.01160645E-02   -1.09850029E-02   1.10697880E-01   1.15292263E+01   -3.07909530E-02   4.75292504E-02   1.11031771E-01   1.68453729E+00   2.18099725E+06   9.98659229E+00   1.68240106E+00   2.19581400E+06   1.01353397E+01   1.68384302E+00   2.18645700E+06   1.00414038E+01 
0 1590 4.41010700E-10   1.37181395E-08   3.05529313E-09   2.10800621E-09   5.50876178E-10   5.37935918E-10   2.70110796E-08   1.15973072E+01   -6.38236254E-02   9.28423405E-02   1.10439375E-01   1.15752878E+01   -3.01073473E-02   -1.09857200E-02   1.10699713E-01   1.15290117E+01   -3.08666658E-02   4.75649685E-02   1.11035235E-01   1.68453836E+00   2.18098775E+06   9.98649597E+00   1.68241167E+00   2.19575150E+06   1.01347122E+01   1.68384445E+00   2.18644675E+06   1.00412998E+01 
0 1600 4.32909347E-10   1.32520466E-08   2.97115532E-09   2.06422923E-09   5.35035460E-10   5.35904376E-10   2.66989932E-08   1.15972824E+01   -6.38220832E-02   9.28539559E-02   1.10441074E-01   1.15752258E+01   -3.00991554E-02   -1.09857460E-02   1.10701583E-01   1.15288258E+01   -3.09260320E-02   4.76094633E-02   1.11038402E-01   1.68453944E+00   2.18097925E+06   9.98641014E+00   1.68242145E+00   2.19569400E+06   1.01341362E+01   1.68384588E+00   2.18643625E+06   1.00411949E+01 
0 1610 4.26254004E-10   1.27946276E-08   2.89491564E-09   2.02835504E-09   5.27256128E-10   5.33885325E-10   2.63915965E-08   1.15972605E+01   -6.38202503E-02   9.28599387E-02   1.10442735E-01   1.15751610E+01   -3.00920475E-02   -1.09828012E-02   1.10703468E-01   1.15286722E+01   -3.09693087E-02   4.76627089E-02   1.11041240E-01   1.68454027E+00   2.18097150E+06   9.98633385E+00   1.68243039E+00   2.19564200E+06   1.01336117E+01   1.68384731E+00   2.18642575E+06   1.00410900E+01 
0 1620 4.19515200E-10   1.23494015E-08   2.82257218E-09   1.99732320E-09   5.18190379E-10   5.31880262E-10   2.60890491E-08   1.15972376E+01   -6.38182908E-02   9.28615406E-02   1.10444397E-01   1.15750961E+01   -3.00864298E-02   -1.09754121E-02   1.10705338E-01   1.15285511E+01   -3.09968200E-02   4.77236770E-02   1.11043751E-01   1.68454111E+00   2.18096450E+06   9.98626232E+00   1.68243837E+00   2.19559500E+06   1.01331415E+01   1.68384874E+00   2.18641525E+06   1.00409842E+01 
0 1630 4.11950751E-10   1.19201138E-08   2.74915424E-09   1.96606065E-09   5.04212394E-10   5.29890021E-10   2.57928505E-08   1.15972118E+01   -6.38164282E-02   9.28610638E-02   1.10446081E-01   1.15750360E+01   -3.00824605E-02   -1.09633049E-02   1.10707149E-01   1.15284634E+01   -3.10088806E-02   4.77906018E-02   1.11045927E-01   1.68454194E+00   2.18095750E+06   9.98619366E+00   1.68244541E+00   2.19555350E+06   1.01327257E+01   1.68385017E+00   2.18640500E+06   1.00408821E+01 
0 1640 4.03811290E-10   1.15095089E-08   2.67048095E-09   1.92842919E-09   4.87862029E-10   5.27915101E-10   2.55013273E-08   1.15971823E+01   -6.38149008E-02   9.28612277E-02   1.10447794E-01   1.15749846E+01   -3.00800148E-02   -1.09474631E-02   1.10708892E-01   1.15284081E+01   -3.10059767E-02   4.78614010E-02   1.11047782E-01   1.68454278E+00   2.18095075E+06   9.98612404E+00   1.68245161E+00   2.19551750E+06   1.01323633E+01   1.68385148E+00   2.18639550E+06   1.00407858E+01 
0 1650 3.95832672E-10   1.11188392E-08   2.58506483E-09   1.88000437E-09   4.73268813E-10   5.25955446E-10   2.52129926E-08   1.15971489E+01   -6.38138726E-02   9.28643942E-02   1.10449523E-01   1.15749426E+01   -3.00787017E-02   -1.09298490E-02   1.10710539E-01   1.15283823E+01   -3.09888572E-02   4.79340628E-02   1.11049347E-01   1.68454361E+00   2.18094350E+06   9.98605251E+00   1.68245685E+00   2.19548675E+06   1.01320543E+01   1.68385267E+00   2.18638675E+06   1.00406990E+01 
0 1660 3.88645782E-10   1.07481286E-08   2.49520271E-09   1.82016235E-09   4.61572336E-10   5.24011390E-10   2.49273544E-08   1.15971136E+01   -6.38133809E-02   9.28719938E-02   1.10451251E-01   1.15749102E+01   -3.00779417E-02   -1.09128542E-02   1.10712096E-01   1.15283842E+01   -3.09583806E-02   4.80071753E-02   1.11050636E-01   1.68454444E+00   2.18093650E+06   9.98598099E+00   1.68246114E+00   2.19546100E+06   1.01317959E+01   1.68385375E+00   2.18637925E+06   1.00406227E+01 
0 1670 3.82476412E-10   1.03961879E-08   2.40577092E-09   1.75234560E-09   4.50348148E-10   5.22082988E-10   2.46443754E-08   1.15970812E+01   -6.38133213E-02   9.28841755E-02   1.10452950E-01   1.15748854E+01   -3.00771147E-02   -1.08986553E-02   1.10713586E-01   1.15284090E+01   -3.09153479E-02   4.80801500E-02   1.11051686E-01   1.68454516E+00   2.18092950E+06   9.98591137E+00   1.68246472E+00   2.19544000E+06   1.01315851E+01   1.68385458E+00   2.18637275E+06   1.00405569E+01 
0 1680 3.77262027E-10   1.00615827E-08   2.32188468E-09   1.68252035E-09   4.37219427E-10   5.20169297E-10   2.43648444E-08   1.15970535E+01   -6.38134629E-02   9.28998366E-02   1.10454604E-01   1.15748653E+01   -3.00757103E-02   -1.08886426E-02   1.10715032E-01   1.15284548E+01   -3.08605097E-02   4.81531247E-02   1.11052521E-01   1.68454599E+00   2.18092300E+06   9.98584461E+00   1.68246758E+00   2.19542350E+06   1.01314201E+01   1.68385541E+00   2.18636700E+06   1.00404997E+01 
0 1690 3.72833459E-10   9.74238112E-09   2.24687025E-09   1.61616720E-09   4.23058644E-10   5.18269760E-10   2.40903244E-08   1.15970325E+01   -6.38135448E-02   9.29169580E-02   1.10456184E-01   1.15748463E+01   -3.00734602E-02   -1.08830780E-02   1.10716470E-01   1.15285196E+01   -3.07946205E-02   4.82267216E-02   1.11053161E-01   1.68454671E+00   2.18091700E+06   9.98578548E+00   1.68246961E+00   2.19541125E+06   1.01312981E+01   1.68385613E+00   2.18636200E+06   1.00404501E+01 
0 1700 3.68900216E-10   9.43720480E-09   2.18125629E-09   1.55622326E-09   4.11320394E-10   5.16383825E-10   2.38183500E-08   1.15970211E+01   -6.38132989E-02   9.29331854E-02   1.10457696E-01   1.15748243E+01   -3.00703943E-02   -1.08810710E-02   1.10717930E-01   1.15286016E+01   -3.07184756E-02   4.83017378E-02   1.11053608E-01   1.68454731E+00   2.18091175E+06   9.98573399E+00   1.68247104E+00   2.19540300E+06   1.01312151E+01   1.68385673E+00   2.18635750E+06   1.00404034E+01 
0 1710 3.64921676E-10   9.14581300E-09   2.12359330E-09   1.50294188E-09   4.04323547E-10   5.14511767E-10   2.35514115E-08   1.15970154E+01   -6.38125613E-02   9.29464325E-02   1.10459141E-01   1.15747976E+01   -3.00668329E-02   -1.08808642E-02   1.10719413E-01   1.15287008E+01   -3.06329280E-02   4.83787917E-02   1.11053877E-01   1.68454778E+00   2.18090750E+06   9.98569107E+00   1.68247175E+00   2.19539875E+06   1.01311703E+01   1.68385732E+00   2.18635300E+06   1.00403576E+01 
0 1720 3.60129454E-10   8.86892426E-09   2.07195683E-09   1.45495449E-09   4.00337485E-10   5.12653697E-10   2.32915465E-08   1.15970154E+01   -6.38113022E-02   9.29554328E-02   1.10460542E-01   1.15747671E+01   -3.00633013E-02   -1.08803334E-02   1.10720918E-01   1.15288172E+01   -3.05388980E-02   4.84580360E-02   1.11053966E-01   1.68454814E+00   2.18090400E+06   9.98565578E+00   1.68247187E+00   2.19539775E+06   1.01311626E+01   1.68385792E+00   2.18634825E+06   1.00403109E+01 
0 1730 3.53862523E-10   8.60843308E-09   2.02443551E-09   1.41052614E-09   3.94822536E-10   5.10809450E-10   2.30392487E-08   1.15970163E+01   -6.38096258E-02   9.29600000E-02   1.10461920E-01   1.15747328E+01   -3.00603919E-02   -1.08775664E-02   1.10722445E-01   1.15289497E+01   -3.04373261E-02   4.85390760E-02   1.11053877E-01   1.68454850E+00   2.18090125E+06   9.98562717E+00   1.68247139E+00   2.19540075E+06   1.01311903E+01   1.68385863E+00   2.18634350E+06   1.00402632E+01 
0 1740 3.45984602E-10   8.36617886E-09   1.97910066E-09   1.36805089E-09   3.84324211E-10   5.08978693E-10   2.27949908E-08   1.15970163E+01   -6.38077334E-02   9.29610357E-02   1.10463306E-01   1.15746994E+01   -3.00585981E-02   -1.08713591E-02   1.10723950E-01   1.15290995E+01   -3.03291380E-02   4.86210138E-02   1.11053608E-01   1.68454885E+00   2.18089850E+06   9.98560047E+00   1.68247032E+00   2.19540700E+06   1.01312532E+01   1.68385923E+00   2.18633850E+06   1.00402145E+01 
0 1750 3.37121220E-10   8.14318124E-09   1.93431382E-09   1.32559286E-09   3.69435427E-10   5.07160980E-10   2.25588987E-08   1.15970125E+01   -6.38058707E-02   9.29602087E-02   1.10464714E-01   1.15746679E+01   -3.00581865E-02   -1.08614974E-02   1.10725425E-01   1.15292645E+01   -3.02152466E-02   4.87026647E-02   1.11053184E-01   1.68454909E+00   2.18089600E+06   9.98557472E+00   1.68246877E+00   2.19541650E+06   1.01313505E+01   1.68385994E+00   2.18633400E+06   1.00401669E+01 
0 1760 3.28427230E-10   7.93921817E-09   1.88877469E-09   1.28123323E-09   3.54292595E-10   5.05355757E-10   2.23268586E-08   1.15970049E+01   -6.38042763E-02   9.29595158E-02   1.10466145E-01   1.15746422E+01   -3.00591178E-02   -1.08487774E-02   1.10726841E-01   1.15294437E+01   -3.00965216E-02   4.87827770E-02   1.11052610E-01   1.68454945E+00   2.18089325E+06   9.98554707E+00   1.68246651E+00   2.19542950E+06   1.01314802E+01   1.68386054E+00   2.18632950E+06   1.00401239E+01 
0 1770 3.21002641E-10   7.75302400E-09   1.84249582E-09   1.23377397E-09   3.43304080E-10   5.03562636E-10   2.21004708E-08   1.15969925E+01   -6.38031214E-02   9.29606929E-02   1.10467598E-01   1.15746241E+01   -3.00610773E-02   -1.08347489E-02   1.10728182E-01   1.15296354E+01   -2.99737640E-02   4.88603339E-02   1.11051910E-01   1.68454981E+00   2.18089025E+06   9.98551655E+00   1.68246388E+00   2.19544550E+06   1.01316395E+01   1.68386102E+00   2.18632575E+06   1.00400858E+01 
0 1780 3.15334259E-10   7.58303820E-09   1.79667836E-09   1.18365528E-09   3.37625483E-10   5.01781061E-10   2.18776179E-08   1.15969791E+01   -6.38024583E-02   9.29648206E-02   1.10469058E-01   1.15746117E+01   -3.00635435E-02   -1.08212894E-02   1.10729471E-01   1.15298367E+01   -2.98477747E-02   4.89346944E-02   1.11051105E-01   1.68455017E+00   2.18088700E+06   9.98548412E+00   1.68246067E+00   2.19546400E+06   1.01318274E+01   1.68386149E+00   2.18632275E+06   1.00400553E+01 
0 1790 3.11119908E-10   7.42740269E-09   1.75334725E-09   1.13342535E-09   3.34756028E-10   5.00010366E-10   2.16574350E-08   1.15969658E+01   -6.38021976E-02   9.29720402E-02   1.10470496E-01   1.15746050E+01   -3.00659426E-02   -1.08101014E-02   1.10730708E-01   1.15300455E+01   -2.97194663E-02   4.90056388E-02   1.11050211E-01   1.68455052E+00   2.18088350E+06   9.98545074E+00   1.68245709E+00   2.19548525E+06   1.01320400E+01   1.68386173E+00   2.18632025E+06   1.00400305E+01 
0 1800 3.07584319E-10   7.28442728E-09   1.71405712E-09   1.08622056E-09   3.31626393E-10   4.98250108E-10   2.14384333E-08   1.15969543E+01   -6.38021529E-02   9.29815620E-02   1.10471904E-01   1.15746002E+01   -3.00677828E-02   -1.08023053E-02   1.10731922E-01   1.15302601E+01   -2.95898076E-02   4.90733013E-02   1.11049242E-01   1.68455100E+00   2.18088050E+06   9.98541832E+00   1.68245304E+00   2.19550850E+06   1.01322746E+01   1.68386209E+00   2.18631825E+06   1.00400114E+01 
0 1810 3.03913922E-10   7.15288273E-09   1.67899761E-09   1.04439446E-09   3.27392835E-10   4.96500008E-10   2.12198135E-08   1.15969486E+01   -6.38020709E-02   9.29919258E-02   1.10473268E-01   1.15745964E+01   -3.00687868E-02   -1.07981926E-02   1.10733137E-01   1.15304785E+01   -2.94596553E-02   4.91380319E-02   1.11048222E-01   1.68455124E+00   2.18087750E+06   9.98538971E+00   1.68244874E+00   2.19553400E+06   1.01325283E+01   1.68386221E+00   2.18631675E+06   1.00399952E+01 
0 1820 2.99529263E-10   7.03190750E-09   1.64710268E-09   1.00838982E-09   3.23583327E-10   4.94759733E-10   2.10057092E-08   1.15969477E+01   -6.38016835E-02   9.30014178E-02   1.10474579E-01   1.15745888E+01   -3.00689470E-02   -1.07972044E-02   1.10734366E-01   1.15306997E+01   -2.93297395E-02   4.92002144E-02   1.11047156E-01   1.68455160E+00   2.18087500E+06   9.98536491E+00   1.68244421E+00   2.19556100E+06   1.01328011E+01   1.68386245E+00   2.18631525E+06   1.00399809E+01 
0 1830 2.94126473E-10   6.92067292E-09   1.61682046E-09   9.77127712E-10   3.21792731E-10   4.93028951E-10   2.07966142E-08   1.15969515E+01   -6.38008118E-02   9.30084959E-02   1.10475846E-01   1.15745773E+01   -3.00685056E-02   -1.07981376E-02   1.10735618E-01   1.15309238E+01   -2.92007290E-02   4.92600761E-02   1.11046046E-01   1.68455184E+00   2.18087325E+06   9.98534584E+00   1.68243933E+00   2.19558975E+06   1.01330891E+01   1.68386269E+00   2.18631375E+06   1.00399656E+01 
0 1840 2.87610713E-10   6.81876333E-09   1.58728619E-09   9.49023637E-10   3.21537408E-10   4.91307384E-10   2.05929638E-08   1.15969582E+01   -6.37993664E-02   9.30122361E-02   1.10477082E-01   1.15745621E+01   -3.00678723E-02   -1.07994843E-02   1.10736907E-01   1.15311508E+01   -2.90732477E-02   4.93176430E-02   1.11044891E-01   1.68455195E+00   2.18087175E+06   9.98533058E+00   1.68243420E+00   2.19561975E+06   1.01333914E+01   1.68386292E+00   2.18631200E+06   1.00399485E+01 
0 1850 2.80118512E-10   6.72607925E-09   1.55833990E-09   9.23254195E-10   3.20584059E-10   4.89594698E-10   2.03936033E-08   1.15969648E+01   -6.37973845E-02   9.30124819E-02   1.10478304E-01   1.15745440E+01   -3.00674997E-02   -1.07998364E-02   1.10738203E-01   1.15313797E+01   -2.89480239E-02   4.93726730E-02   1.11043699E-01   1.68455207E+00   2.18087050E+06   9.98531818E+00   1.68242884E+00   2.19565125E+06   1.01337061E+01   1.68386316E+00   2.18631025E+06   1.00399294E+01 
0 1860 2.72073364E-10   6.64230759E-09   1.53007396E-09   8.99793295E-10   3.17027238E-10   4.87890450E-10   2.01973975E-08   1.15969706E+01   -6.37950227E-02   9.30099040E-02   1.10479541E-01   1.15745239E+01   -3.00677493E-02   -1.07982364E-02   1.10739507E-01   1.15316105E+01   -2.88256966E-02   4.94246259E-02   1.11042477E-01   1.68455219E+00   2.18086925E+06   9.98530674E+00   1.68242323E+00   2.19568375E+06   1.01340342E+01   1.68386340E+00   2.18630800E+06   1.00399075E+01 
0 1870 2.64162303E-10   6.56641674E-09   1.50228996E-09   8.78610795E-10   3.10978132E-10   4.86194196E-10   2.00044319E-08   1.15969725E+01   -6.37925044E-02   9.30057615E-02   1.10480793E-01   1.15745049E+01   -3.00688036E-02   -1.07943770E-02   1.10740796E-01   1.15318422E+01   -2.87066251E-02   4.94728833E-02   1.11041240E-01   1.68455243E+00   2.18086800E+06   9.98529530E+00   1.68241751E+00   2.19571750E+06   1.01343718E+01   1.68386376E+00   2.18630600E+06   1.00398855E+01 
0 1880 2.57130928E-10   6.49736576E-09   1.47488910E-09   8.59451454E-10   3.04444081E-10   4.84505325E-10   1.98166887E-08   1.15969706E+01   -6.37900755E-02   9.30015519E-02   1.10482074E-01   1.15744877E+01   -3.00706290E-02   -1.07886204E-02   1.10742055E-01   1.15320749E+01   -2.85912044E-02   4.95168306E-02   1.11039981E-01   1.68455255E+00   2.18086675E+06   9.98528004E+00   1.68241155E+00   2.19575225E+06   1.01347189E+01   1.68386400E+00   2.18630375E+06   1.00398645E+01 
0 1890 2.51439231E-10   6.43353637E-09   1.44766299E-09   8.41939574E-10   2.99607450E-10   4.82823392E-10   1.96327523E-08   1.15969648E+01   -6.37879521E-02   9.29986164E-02   1.10483378E-01   1.15744734E+01   -3.00729964E-02   -1.07818516E-02   1.10743284E-01   1.15323067E+01   -2.84798462E-02   4.95559797E-02   1.11038715E-01   1.68455279E+00   2.18086475E+06   9.98526192E+00   1.68240547E+00   2.19578750E+06   1.01350746E+01   1.68386436E+00   2.18630175E+06   1.00398445E+01 
0 1900 2.47052462E-10   6.37359054E-09   1.42080869E-09   8.26097524E-10   2.97166236E-10   4.81147955E-10   1.94536494E-08   1.15969563E+01   -6.37862161E-02   9.29978266E-02   1.10484689E-01   1.15744610E+01   -3.00755575E-02   -1.07752010E-02   1.10744491E-01   1.15325365E+01   -2.83728801E-02   4.95900400E-02   1.11037455E-01   1.68455303E+00   2.18086275E+06   9.98524094E+00   1.68239939E+00   2.19582350E+06   1.01354361E+01   1.68386459E+00   2.18630000E+06   1.00398264E+01 
0 1910 2.43471965E-10   6.31634522E-09   1.39474854E-09   8.12684475E-10   2.96059427E-10   4.79478734E-10   1.92780654E-08   1.15969467E+01   -6.37848824E-02   9.29993913E-02   1.10486008E-01   1.15744514E+01   -3.00779417E-02   -1.07697342E-02   1.10745683E-01   1.15327635E+01   -2.82706153E-02   4.96190004E-02   1.11036204E-01   1.68455327E+00   2.18086050E+06   9.98521900E+00   1.68239307E+00   2.19586000E+06   1.01358023E+01   1.68386483E+00   2.18629850E+06   1.00398102E+01 
0 1920 2.40056197E-10   6.26092600E-09   1.36961076E-09   8.02293065E-10   2.94911151E-10   4.77815565E-10   1.91029912E-08   1.15969381E+01   -6.37838319E-02   9.30028483E-02   1.10487305E-01   1.15744410E+01   -3.00798491E-02   -1.07661765E-02   1.10746868E-01   1.15329876E+01   -2.81733498E-02   4.96431217E-02   1.11034974E-01   1.68455350E+00   2.18085825E+06   9.98519516E+00   1.68238676E+00   2.19589675E+06   1.01361713E+01   1.68386495E+00   2.18629700E+06   1.00397959E+01 
0 1930 2.36323072E-10   6.20707530E-09   1.34492917E-09   7.94641519E-10   2.93364361E-10   4.76158390E-10   1.89296649E-08   1.15969315E+01   -6.37828931E-02   9.30072442E-02   1.10488571E-01   1.15744295E+01   -3.00811138E-02   -1.07647600E-02   1.10748060E-01   1.15332069E+01   -2.80813407E-02   4.96628135E-02   1.11033782E-01   1.68455374E+00   2.18085600E+06   9.98517323E+00   1.68238044E+00   2.19593375E+06   1.01365423E+01   1.68386519E+00   2.18629550E+06   1.00397816E+01 
0 1940 2.32086239E-10   6.15437257E-09   1.31995437E-09   7.88593690E-10   2.91991875E-10   4.74507156E-10   1.87574027E-08   1.15969276E+01   -6.37818575E-02   9.30114239E-02   1.10489808E-01   1.15744152E+01   -3.00817341E-02   -1.07652145E-02   1.10749274E-01   1.15334215E+01   -2.79948041E-02   4.96785454E-02   1.11032613E-01   1.68455398E+00   2.18085400E+06   9.98515224E+00   1.68237412E+00   2.19597075E+06   1.01369133E+01   1.68386531E+00   2.18629400E+06   1.00397673E+01 
0 1950 2.27402638E-10   6.10285733E-09   1.29423272E-09   7.83061505E-10   2.91357466E-10   4.72861861E-10   1.85829876E-08   1.15969257E+01   -6.37805611E-02   9.30143371E-02   1.10491022E-01   1.15743980E+01   -3.00818384E-02   -1.07668834E-02   1.10750504E-01   1.15336304E+01   -2.79138722E-02   4.96907458E-02   1.11031488E-01   1.68455422E+00   2.18085225E+06   9.98513412E+00   1.68236780E+00   2.19600750E+06   1.01372824E+01   1.68386555E+00   2.18629225E+06   1.00397501E+01 
0 1960 2.22460245E-10   6.05231509E-09   1.26788990E-09   7.77141296E-10   2.91270119E-10   4.71222561E-10   1.84095299E-08   1.15969257E+01   -6.37788996E-02   9.30153430E-02   1.10492222E-01   1.15743780E+01   -3.00816409E-02   -1.07689342E-02   1.10751756E-01   1.15338354E+01   -2.78387032E-02   4.96996716E-02   1.11030392E-01   1.68455446E+00   2.18085050E+06   9.98511887E+00   1.68236148E+00   2.19604425E+06   1.01376505E+01   1.68386590E+00   2.18629050E+06   1.00397310E+01 
0 1970 2.17500754E-10   6.00291594E-09   1.24140598E-09   7.70970066E-10   2.90992341E-10   4.69589312E-10   1.82394171E-08   1.15969257E+01   -6.37768731E-02   9.30143148E-02   1.10493407E-01   1.15743551E+01   -3.00813727E-02   -1.07705882E-02   1.10753022E-01   1.15340347E+01   -2.77694147E-02   4.97054271E-02   1.11029327E-01   1.68455458E+00   2.18084925E+06   9.98510456E+00   1.68235528E+00   2.19608050E+06   1.01380157E+01   1.68386614E+00   2.18628825E+06   1.00397100E+01 
0 1980 2.12780724E-10   5.95447380E-09   1.21554400E-09   7.65128627E-10   2.90012153E-10   4.67961780E-10   1.80719173E-08   1.15969238E+01   -6.37745708E-02   9.30116624E-02   1.10494599E-01   1.15743313E+01   -3.00812237E-02   -1.07713165E-02   1.10754289E-01   1.15342302E+01   -2.77060270E-02   4.97079864E-02   1.11028299E-01   1.68455482E+00   2.18084775E+06   9.98509026E+00   1.68234897E+00   2.19611675E+06   1.01383791E+01   1.68386650E+00   2.18628600E+06   1.00396872E+01 
0 1990 2.08531470E-10   5.90648597E-09   1.19076760E-09   7.60215557E-10   2.88531671E-10   4.66339745E-10   1.79057995E-08   1.15969210E+01   -6.37721494E-02   9.30081829E-02   1.10495798E-01   1.15743074E+01   -3.00812982E-02   -1.07709365E-02   1.10755555E-01   1.15344219E+01   -2.76485123E-02   4.97072078E-02   1.11027300E-01   1.68455493E+00   2.18084625E+06   9.98507500E+00   1.68234289E+00   2.19615250E+06   1.01387386E+01   1.68386674E+00   2.18628375E+06   1.00396624E+01 
0 2000 2.04854828E-10   5.85831073E-09   1.16718901E-09   7.56319452E-10   2.87088908E-10   4.64722899E-10   1.77397741E-08   1.15969143E+01   -6.37697950E-02   9.30048153E-02   1.10497020E-01   1.15742846E+01   -3.00816074E-02   -1.07696084E-02   1.10756800E-01   1.15346079E+01   -2.75968239E-02   4.97029200E-02   1.11026339E-01   1.68455517E+00   2.18084450E+06   9.98505878E+00   1.68233669E+00   2.19618800E+06   1.01390944E+01   1.68386710E+00   2.18628125E+06   1.00396376E+01 
