RealTimeStep Cycle rho   rhoV[0]   rhoV[1]   rhoV[2]   rhoE   rhok   rhoOmega   probe1@MHH@63.3_V_x   probe1@MHH@63.3_V_y   probe1@MHH@63.3_V_z   probe1@MHH@63.3_ti   probe2@MHH@63.3_V_x   probe2@MHH@63.3_V_y   probe2@MHH@63.3_V_z   probe2@MHH@63.3_ti   probe3@MHH@63.3_V_x   probe3@MHH@63.3_V_y   probe3@MHH@63.3_V_z   probe3@MHH@63.3_ti   T001_omega   T001_power   T001_uref   T003_omega   T003_power   T003_uref   T002_omega   T002_power   T002_uref 
0 1 3.65113436E-07   5.93154164E-06   6.97439134E-07   9.86788905E-07   1.38430880E-06   7.22599566E-07   3.14323232E-04   1.80083561E+01   -3.49087338E-03   3.87625257E-03   1.05037086E-01   1.80065308E+01   -5.85748767E-03   -9.48088418E-04   1.05047561E-01   1.80048580E+01   -6.40366867E-04   9.36378818E-03   1.05057403E-01   1.67678702E+00   2.30000000E+06   1.76188984E+01   1.67678916E+00   2.30000000E+06   1.76200066E+01   1.67678845E+00   2.30000000E+06   1.76196327E+01 
0 10 2.40417819E-07   4.76638206E-06   1.25209112E-06   1.19184597E-06   8.61897490E-07   5.45774848E-09   3.90508285E-06   1.78985500E+01   -3.96693796E-02   2.31330600E-02   1.05686255E-01   1.78804722E+01   -3.80138047E-02   1.19734183E-03   1.05789468E-01   1.78848228E+01   -2.75310613E-02   3.77726741E-02   1.05763867E-01   1.67628980E+00   2.30000000E+06   1.74448357E+01   1.67630327E+00   2.30000000E+06   1.74484062E+01   1.67628384E+00   2.30000000E+06   1.74432545E+01 
0 20 2.21720398E-07   3.95290999E-06   1.34778088E-06   1.29040268E-06   7.77913385E-07   4.77602535E-09   3.32611580E-06   1.78895569E+01   -6.11113273E-02   4.19771895E-02   1.05753288E-01   1.78705387E+01   -5.06298169E-02   2.56647909E-04   1.05861261E-01   1.78797531E+01   -5.02246171E-02   4.78203148E-02   1.05801925E-01   1.67609918E+00   2.30000000E+06   1.73975086E+01   1.67611086E+00   2.30000000E+06   1.74002495E+01   1.67609429E+00   2.30000000E+06   1.73963833E+01 
0 30 1.81061964E-07   3.54516578E-06   1.30721548E-06   1.24943529E-06   6.02415696E-07   4.30341141E-09   2.91652236E-06   1.79174500E+01   -6.76978007E-02   4.83226590E-02   1.05608374E-01   1.79075813E+01   -6.64986745E-02   -6.36308873E-03   1.05663821E-01   1.79079590E+01   -6.83929101E-02   4.17035781E-02   1.05653167E-01   1.67601597E+00   2.30000000E+06   1.73785114E+01   1.67602456E+00   2.30000000E+06   1.73804321E+01   1.67602170E+00   2.30000000E+06   1.73798046E+01 
0 40 1.53791873E-07   3.22268988E-06   1.21353287E-06   1.15869727E-06   4.92192839E-07   3.96791178E-09   2.60391494E-06   1.79144917E+01   -7.31431916E-02   4.04731967E-02   1.05655618E-01   1.79110947E+01   -7.88866058E-02   -2.21682638E-02   1.05671778E-01   1.79044132E+01   -7.91546404E-02   2.32363101E-02   1.05702750E-01   1.67586482E+00   2.30000000E+06   1.73460331E+01   1.67589593E+00   2.30000000E+06   1.73525143E+01   1.67589176E+00   2.30000000E+06   1.73516464E+01 
0 50 1.31114945E-07   3.01243313E-06   1.09176540E-06   1.04690218E-06   4.15171428E-07   3.73243303E-09   2.33100354E-06   1.78851318E+01   -8.02990869E-02   3.36622484E-02   1.05859116E-01   1.78810425E+01   -7.80295134E-02   -3.23764831E-02   1.05877027E-01   1.78774567E+01   -7.72738233E-02   1.05835283E-02   1.05892040E-01   1.67568719E+00   2.30000000E+06   1.73105869E+01   1.67575788E+00   2.30000000E+06   1.73243599E+01   1.67573237E+00   2.30000000E+06   1.73193436E+01 
0 60 1.15713441E-07   2.87035141E-06   9.93216872E-07   9.30188889E-07   3.70527260E-07   3.53999452E-09   2.11380916E-06   1.78552036E+01   -8.26347396E-02   3.89537588E-02   1.06058374E-01   1.78453350E+01   -7.00141937E-02   -2.93637887E-02   1.06109969E-01   1.78485947E+01   -6.82888627E-02   1.13659864E-02   1.06085785E-01   1.67552221E+00   2.30000000E+06   1.72798157E+01   1.67562163E+00   2.30000000E+06   1.72981224E+01   1.67557311E+00   2.30000000E+06   1.72891083E+01 
0 70 1.02578170E-07   2.73579690E-06   9.19946103E-07   8.32725902E-07   3.34485122E-07   3.39559936E-09   1.94644713E-06   1.78272381E+01   -8.01092610E-02   4.56158705E-02   1.06242225E-01   1.78131847E+01   -6.58290163E-02   -2.62212530E-02   1.06320433E-01   1.78200970E+01   -6.27535954E-02   1.20577216E-02   1.06273524E-01   1.67565894E+00   2.30000000E+06   1.72496929E+01   1.67554688E+00   2.30000000E+06   1.72682266E+01   1.67560458E+00   2.30000000E+06   1.72587681E+01 
0 80 8.95978900E-08   2.59864214E-06   8.56700922E-07   7.61153672E-07   2.97300346E-07   3.26380656E-09   1.80844427E-06   1.77923431E+01   -7.68012628E-02   4.24389765E-02   1.06471248E-01   1.77779770E+01   -6.57274276E-02   -3.04157026E-02   1.06553055E-01   1.77834053E+01   -6.22992702E-02   4.65203030E-03   1.06513008E-01   1.67585051E+00   2.30000000E+06   1.72162552E+01   1.67575288E+00   2.30000000E+06   1.72335854E+01   1.67580175E+00   2.30000000E+06   1.72249794E+01 
0 90 8.05914340E-08   2.45731258E-06   7.91222135E-07   7.03873525E-07   2.71617694E-07   3.12595683E-09   1.67673386E-06   1.77528496E+01   -7.48042762E-02   3.35902348E-02   1.06732637E-01   1.77389183E+01   -6.24265336E-02   -3.54599021E-02   1.06812239E-01   1.77427807E+01   -6.14655316E-02   -4.03370755E-03   1.06779993E-01   1.67602706E+00   2.30000000E+06   1.71831341E+01   1.67593491E+00   2.30000000E+06   1.72007236E+01   1.67598462E+00   2.30000000E+06   1.71913185E+01 
0 100 7.56466605E-08   2.31852232E-06   7.24195843E-07   6.50254492E-07   2.58935160E-07   2.99659186E-09   1.56010128E-06   1.77197208E+01   -7.25248680E-02   2.76361853E-02   1.06956646E-01   1.77061787E+01   -5.56886978E-02   -3.66753526E-02   1.07034184E-01   1.77114964E+01   -5.71498759E-02   -7.95072690E-03   1.06991477E-01   1.67615736E+00   2.30000000E+06   1.71569672E+01   1.67606115E+00   2.30000000E+06   1.71764412E+01   1.67611504E+00   2.30000000E+06   1.71656456E+01 
0 110 7.07041607E-08   2.18554464E-06   6.62145396E-07   5.94081087E-07   2.46070840E-07   2.87861979E-09   1.45729678E-06   1.76994343E+01   -6.84130564E-02   2.57202480E-02   1.07101619E-01   1.76886368E+01   -4.99999113E-02   -3.60366181E-02   1.07163168E-01   1.76957264E+01   -5.19650020E-02   -8.50929506E-03   1.07107624E-01   1.67623413E+00   2.30000000E+06   1.71407146E+01   1.67613065E+00   2.30000000E+06   1.71624565E+01   1.67617953E+00   2.30000000E+06   1.71523380E+01 
0 120 6.43146194E-08   2.06118466E-06   6.10217683E-07   5.36595167E-07   2.27314914E-07   2.76993006E-09   1.36624885E-06   1.76897926E+01   -6.42178133E-02   2.39764322E-02   1.07181199E-01   1.76849499E+01   -4.58993800E-02   -3.61010395E-02   1.07206479E-01   1.76911888E+01   -4.92014624E-02   -9.86794475E-03   1.07154511E-01   1.67627048E+00   2.30000000E+06   1.71327839E+01   1.67616022E+00   2.30000000E+06   1.71563625E+01   1.67619336E+00   2.30000000E+06   1.71494274E+01 
0 130 5.82931143E-08   1.95067901E-06   5.70653754E-07   4.87948967E-07   2.08188169E-07   2.67238143E-09   1.28636009E-06   1.76849823E+01   -6.17145412E-02   2.02601515E-02   1.07231691E-01   1.76868629E+01   -4.23296802E-02   -3.71351428E-02   1.07214414E-01   1.76904774E+01   -4.80276011E-02   -1.36722596E-02   1.07178181E-01   1.67628467E+00   2.30000000E+06   1.71296310E+01   1.67617071E+00   2.30000000E+06   1.71541824E+01   1.67618477E+00   2.30000000E+06   1.71512299E+01 
0 140 5.35615570E-08   1.84835187E-06   5.39185180E-07   4.53486678E-07   1.91967530E-07   2.58670196E-09   1.21539597E-06   1.76805077E+01   -6.03781752E-02   1.59575399E-02   1.07280463E-01   1.76866512E+01   -4.01133262E-02   -3.80224884E-02   1.07234508E-01   1.76882267E+01   -4.55570146E-02   -1.85145736E-02   1.07211865E-01   1.67629373E+00   2.30000000E+06   1.71276226E+01   1.67618203E+00   2.30000000E+06   1.71518097E+01   1.67618012E+00   2.30000000E+06   1.71522198E+01 
0 150 4.91758918E-08   1.75180526E-06   5.07708819E-07   4.26718543E-07   1.76770186E-07   2.50753995E-09   1.15017804E-06   1.76740017E+01   -5.87072596E-02   1.34202791E-02   1.07341640E-01   1.76809273E+01   -4.00684625E-02   -3.74912806E-02   1.07287914E-01   1.76818295E+01   -4.08081301E-02   -2.20227446E-02   1.07271492E-01   1.67630970E+00   2.30000000E+06   1.71240196E+01   1.67620742E+00   2.30000000E+06   1.71464329E+01   1.67619371E+00   2.30000000E+06   1.71493511E+01 
0 160 4.48373747E-08   1.66276948E-06   4.71031825E-07   3.99423300E-07   1.62683264E-07   2.43004106E-09   1.08909455E-06   1.76647987E+01   -5.62130436E-02   1.35578681E-02   1.07419387E-01   1.76705399E+01   -4.10512276E-02   -3.50156948E-02   1.07370034E-01   1.76714821E+01   -3.53352465E-02   -2.25691274E-02   1.07355647E-01   1.67633724E+00   2.30000000E+06   1.71177425E+01   1.67624676E+00   2.30000000E+06   1.71379681E+01   1.67622566E+00   2.30000000E+06   1.71425343E+01 
0 170 4.14894927E-08   1.58212652E-06   4.30046555E-07   3.68781656E-07   1.52930070E-07   2.35386222E-09   1.03157515E-06   1.76538124E+01   -5.32095358E-02   1.58222858E-02   1.07508466E-01   1.76587715E+01   -4.14079204E-02   -3.11613698E-02   1.07461400E-01   1.76600914E+01   -3.14607397E-02   -1.95532478E-02   1.07446007E-01   1.67637253E+00   2.30000000E+06   1.71095657E+01   1.67628849E+00   2.30000000E+06   1.71287785E+01   1.67626536E+00   2.30000000E+06   1.71339054E+01 
0 180 3.94188078E-08   1.50884330E-06   3.89066969E-07   3.35393366E-07   1.47586007E-07   2.28080799E-09   9.78138246E-07   1.76431293E+01   -5.00700399E-02   1.93210058E-02   1.07596204E-01   1.76493645E+01   -4.07451428E-02   -2.70078108E-02   1.07539475E-01   1.76513634E+01   -3.03496663E-02   -1.34286545E-02   1.07519247E-01   1.67640674E+00   2.30000000E+06   1.71014137E+01   1.67632055E+00   2.30000000E+06   1.71215553E+01   1.67629886E+00   2.30000000E+06   1.71264648E+01 
0 190 3.76643250E-08   1.44215721E-06   3.51702710E-07   2.99798870E-07   1.42721163E-07   2.21223884E-09   9.28513259E-07   1.76348743E+01   -4.70744446E-02   2.34826971E-02   1.07669264E-01   1.76449738E+01   -3.95524018E-02   -2.33489107E-02   1.07587785E-01   1.76470509E+01   -3.09997033E-02   -5.70111396E-03   1.07564367E-01   1.67643249E+00   2.30000000E+06   1.70951576E+01   1.67633879E+00   2.30000000E+06   1.71173973E+01   1.67631578E+00   2.30000000E+06   1.71226463E+01 
0 200 3.55224685E-08   1.38175903E-06   3.19450834E-07   2.63709381E-07   1.35852247E-07   2.14954143E-09   8.82236634E-07   1.76299763E+01   -4.44398522E-02   2.79941596E-02   1.07721321E-01   1.76462688E+01   -3.82910818E-02   -2.02858876E-02   1.07601561E-01   1.76459656E+01   -3.10195535E-02   1.64965715E-03   1.07588977E-01   1.67644691E+00   2.30000000E+06   1.70916290E+01   1.67634702E+00   2.30000000E+06   1.71155014E+01   1.67631280E+00   2.30000000E+06   1.71233139E+01 
0 210 3.33510037E-08   1.32638263E-06   2.92165339E-07   2.31506462E-07   1.28337916E-07   2.09358997E-09   8.39245502E-07   1.76277618E+01   -4.21290956E-02   3.25925052E-02   1.07756004E-01   1.76517830E+01   -3.69947068E-02   -1.73604731E-02   1.07589096E-01   1.76453667E+01   -2.85030194E-02   7.19868531E-03   1.07610382E-01   1.67645216E+00   2.30000000E+06   1.70903320E+01   1.67635262E+00   2.30000000E+06   1.71141872E+01   1.67629421E+00   2.30000000E+06   1.71275158E+01 
0 220 3.17317870E-08   1.27425824E-06   2.68640804E-07   2.07095738E-07   1.22375127E-07   2.04408246E-09   7.99308054E-07   1.76265030E+01   -3.98429744E-02   3.70995328E-02   1.07783839E-01   1.76585903E+01   -3.55998240E-02   -1.39794275E-02   1.07567869E-01   1.76431370E+01   -2.32471246E-02   1.08254729E-02   1.07641816E-01   1.67645383E+00   2.30000000E+06   1.70898972E+01   1.67636144E+00   2.30000000E+06   1.71121407E+01   1.67626929E+00   2.30000000E+06   1.71330490E+01 
0 230 3.05401997E-08   1.22483243E-06   2.47593761E-07   1.90191031E-07   1.17780502E-07   1.99948880E-09   7.62059301E-07   1.76244335E+01   -3.73737887E-02   4.15018871E-02   1.07815892E-01   1.76637211E+01   -3.42814438E-02   -9.75747406E-03   1.07555985E-01   1.76388721E+01   -1.65473968E-02   1.35252737E-02   1.07685581E-01   1.67645776E+00   2.30000000E+06   1.70889130E+01   1.67637467E+00   2.30000000E+06   1.71090355E+01   1.67624843E+00   2.30000000E+06   1.71376095E+01 
0 240 2.92994962E-08   1.17880973E-06   2.28390576E-07   1.77484367E-07   1.12956194E-07   1.95759520E-09   7.27378108E-07   1.76206379E+01   -3.48551460E-02   4.58668619E-02   1.07858144E-01   1.76655846E+01   -3.32877561E-02   -4.60002059E-03   1.07563257E-01   1.76335640E+01   -1.01727927E-02   1.65870320E-02   1.07735194E-01   1.67646694E+00   2.30000000E+06   1.70866375E+01   1.67639005E+00   2.30000000E+06   1.71054020E+01   1.67623782E+00   2.30000000E+06   1.71399136E+01 
0 250 2.79514794E-08   1.13677322E-06   2.10859497E-07   1.66011304E-07   1.07483260E-07   1.91727545E-09   6.95028064E-07   1.76153488E+01   -3.25822793E-02   5.01349568E-02   1.07909471E-01   1.76645317E+01   -3.26055214E-02   1.20042241E-03   1.07587710E-01   1.76285934E+01   -5.43653499E-03   2.06634533E-02   1.07781954E-01   1.67648041E+00   2.30000000E+06   1.70832386E+01   1.67640400E+00   2.30000000E+06   1.71020889E+01   1.67623699E+00   2.30000000E+06   1.71400852E+01 
0 260 2.68108966E-08   1.09839380E-06   1.94914563E-07   1.54283995E-07   1.02303822E-07   1.87854399E-09   6.64569029E-07   1.76096020E+01   -3.06958053E-02   5.40524237E-02   1.07963704E-01   1.76622276E+01   -3.19459476E-02   6.99543487E-03   1.07619345E-01   1.76248627E+01   -2.77394126E-03   2.53852382E-02   1.07820347E-01   1.67649496E+00   2.30000000E+06   1.70795116E+01   1.67641366E+00   2.30000000E+06   1.70997505E+01   1.67624092E+00   2.30000000E+06   1.71392555E+01 
0 270 2.60080935E-08   1.06295749E-06   1.80637684E-07   1.41480669E-07   9.80459873E-08   1.84243876E-09   6.35992592E-07   1.76045437E+01   -2.91334130E-02   5.72723448E-02   1.08013764E-01   1.76604671E+01   -3.10272109E-02   1.19350012E-02   1.07647426E-01   1.76225376E+01   -1.69572362E-03   2.97263563E-02   1.07849650E-01   1.67650723E+00   2.30000000E+06   1.70763493E+01   1.67641842E+00   2.30000000E+06   1.70985889E+01   1.67624307E+00   2.30000000E+06   1.71387749E+01 
0 280 2.53268002E-08   1.02991976E-06   1.68236284E-07   1.27660243E-07   9.42983718E-08   1.80980286E-09   6.09639073E-07   1.76008606E+01   -2.78417654E-02   5.95124178E-02   1.08055316E-01   1.76603355E+01   -2.98575461E-02   1.52988760E-02   1.07665464E-01   1.76212368E+01   -1.13617035E-03   3.26997936E-02   1.07872479E-01   1.67651510E+00   2.30000000E+06   1.70742912E+01   1.67641938E+00   2.30000000E+06   1.70983677E+01   1.67623937E+00   2.30000000E+06   1.71395874E+01 
0 290 2.45569396E-08   9.98963969E-07   1.57715476E-07   1.14788811E-07   9.04770232E-08   1.78109238E-09   5.85385180E-07   1.75985546E+01   -2.69026030E-02   6.06720485E-02   1.08088173E-01   1.76620083E+01   -2.87328679E-02   1.68627370E-02   1.07672408E-01   1.76203709E+01   -4.03712984E-05   3.38218026E-02   1.07892640E-01   1.67651880E+00   2.30000000E+06   1.70733509E+01   1.67641830E+00   2.30000000E+06   1.70986252E+01   1.67622828E+00   2.30000000E+06   1.71419830E+01 
0 300 2.37588580E-08   9.69762709E-07   1.48662778E-07   1.05506295E-07   8.66851479E-08   1.75634840E-09   5.63348806E-07   1.75971012E+01   -2.63701510E-02   6.08749092E-02   1.08115360E-01   1.76649437E+01   -2.79700402E-02   1.69856548E-02   1.07671425E-01   1.76194687E+01   2.09602574E-03   3.32181677E-02   1.07913047E-01   1.67651963E+00   2.30000000E+06   1.70731239E+01   1.67641687E+00   2.30000000E+06   1.70989647E+01   1.67621124E+00   2.30000000E+06   1.71456318E+01 
0 310 2.31297648E-08   9.41983046E-07   1.40427701E-07   9.98873659E-08   8.34511695E-08   1.73495640E-09   5.43304509E-07   1.75958176E+01   -2.61154901E-02   6.03972785E-02   1.08141005E-01   1.76682205E+01   -2.76571102E-02   1.63287260E-02   1.07667975E-01   1.76184177E+01   5.04242210E-03   3.14921215E-02   1.07934318E-01   1.67651987E+00   2.30000000E+06   1.70730610E+01   1.67641556E+00   2.30000000E+06   1.70992794E+01   1.67619157E+00   2.30000000E+06   1.71498070E+01 
0 320 2.26974528E-08   9.15334226E-07   1.32640992E-07   9.51896411E-08   8.08547398E-08   1.71597847E-09   5.24624454E-07   1.75941963E+01   -2.58995090E-02   5.95470630E-02   1.08168237E-01   1.76709309E+01   -2.76444331E-02   1.54447686E-02   1.07667528E-01   1.76174793E+01   8.04828294E-03   2.94467472E-02   1.07954651E-01   1.67652106E+00   2.30000000E+06   1.70727406E+01   1.67641366E+00   2.30000000E+06   1.70997467E+01   1.67617297E+00   2.30000000E+06   1.71537228E+01 
0 330 2.22875087E-08   8.89738317E-07   1.25492136E-07   8.94086867E-08   7.84051650E-08   1.69870540E-09   5.07414654E-07   1.75921021E+01   -2.55681705E-02   5.85492179E-02   1.08197995E-01   1.76725712E+01   -2.77102198E-02   1.45710632E-02   1.07673176E-01   1.76170654E+01   1.02650058E-02   2.77557168E-02   1.07971326E-01   1.67652380E+00   2.30000000E+06   1.70720310E+01   1.67640996E+00   2.30000000E+06   1.71006451E+01   1.67615771E+00   2.30000000E+06   1.71568851E+01 
0 340 2.17576002E-08   8.65221580E-07   1.19491588E-07   8.29038456E-08   7.57206493E-08   1.68247050E-09   4.91382991E-07   1.75897465E+01   -2.51329001E-02   5.74980751E-02   1.08229034E-01   1.76732349E+01   -2.77119000E-02   1.36753321E-02   1.07684366E-01   1.76174240E+01   1.11343842E-02   2.67117750E-02   1.07982680E-01   1.67652738E+00   2.30000000E+06   1.70710831E+01   1.67640376E+00   2.30000000E+06   1.71021309E+01   1.67614627E+00   2.30000000E+06   1.71592617E+01 
0 350 2.11383000E-08   8.41697556E-07   1.14801345E-07   7.70006068E-08   7.29427967E-08   1.66685266E-09   4.76101263E-07   1.75875263E+01   -2.46944241E-02   5.63756041E-02   1.08258992E-01   1.76734524E+01   -2.76114345E-02   1.25897145E-02   1.07697800E-01   1.76184788E+01   1.05935177E-02   2.62022950E-02   1.07989185E-01   1.67653072E+00   2.30000000E+06   1.70702000E+01   1.67639542E+00   2.30000000E+06   1.71041222E+01   1.67613697E+00   2.30000000E+06   1.71611671E+01 
0 360 2.05587263E-08   8.18900503E-07   1.10897147E-07   7.23115647E-08   7.04621854E-08   1.65197400E-09   4.61439214E-07   1.75858040E+01   -2.43201610E-02   5.51133417E-02   1.08285636E-01   1.76738014E+01   -2.74278112E-02   1.11150509E-02   1.07709877E-01   1.76198921E+01   9.03176144E-03   2.59078089E-02   1.07992947E-01   1.67653275E+00   2.30000000E+06   1.70696678E+01   1.67638612E+00   2.30000000E+06   1.71063499E+01   1.67612803E+00   2.30000000E+06   1.71629906E+01 
0 370 2.01044266E-08   7.96654206E-07   1.07144565E-07   6.86444537E-08   6.84415298E-08   1.63803704E-09   4.47494159E-07   1.75847473E+01   -2.39966940E-02   5.36698140E-02   1.08307920E-01   1.76745567E+01   -2.71928404E-02   9.12396144E-03   1.07718863E-01   1.76212845E+01   7.05946889E-03   2.55345553E-02   1.07996404E-01   1.67653286E+00   2.30000000E+06   1.70696220E+01   1.67637694E+00   2.30000000E+06   1.71085052E+01   1.67611849E+00   2.30000000E+06   1.71649361E+01 
0 380 1.97752534E-08   7.74960654E-07   1.03428150E-07   6.59083383E-08   6.66993571E-08   1.62496561E-09   4.34301143E-07   1.75842896E+01   -2.36690883E-02   5.20809554E-02   1.08326204E-01   1.76756382E+01   -2.69478112E-02   6.63068285E-03   1.07725315E-01   1.76223984E+01   5.21072187E-03   2.49492880E-02   1.08001202E-01   1.67653143E+00   2.30000000E+06   1.70700130E+01   1.67636907E+00   2.30000000E+06   1.71103783E+01   1.67610848E+00   2.30000000E+06   1.71669827E+01 
0 390 1.95433163E-08   7.53839799E-07   9.99785001E-08   6.41695692E-08   6.50012737E-08   1.61252145E-09   4.21770835E-07   1.75841999E+01   -2.32956037E-02   5.04595116E-02   1.08341910E-01   1.76768074E+01   -2.67399233E-02   3.81677877E-03   1.07730784E-01   1.76231899E+01   3.71990190E-03   2.41900384E-02   1.08007699E-01   1.67652905E+00   2.30000000E+06   1.70706463E+01   1.67636240E+00   2.30000000E+06   1.71119308E+01   1.67609847E+00   2.30000000E+06   1.71690025E+01 
0 400 1.94005700E-08   7.33340642E-07   9.69328724E-08   6.29988790E-08   6.33276969E-08   1.60049962E-09   4.09757462E-07   1.75842056E+01   -2.28579566E-02   4.89473008E-02   1.08356714E-01   1.76779079E+01   -2.65822373E-02   9.74888797E-04   1.07736394E-01   1.76238117E+01   2.48207757E-03   2.33972427E-02   1.08015008E-01   1.67652655E+00   2.30000000E+06   1.70713005E+01   1.67635655E+00   2.30000000E+06   1.71132927E+01   1.67608905E+00   2.30000000E+06   1.71708965E+01 
0 410 1.93349585E-08   7.13423105E-07   9.42998284E-08   6.14132318E-08   6.18166425E-08   1.58900515E-09   3.97978823E-07   1.75841179E+01   -2.23499220E-02   4.76587750E-02   1.08371757E-01   1.76789398E+01   -2.64273752E-02   -1.61650532E-03   1.07742235E-01   1.76245155E+01   1.18617387E-03   2.27262732E-02   1.08021602E-01   1.67652464E+00   2.30000000E+06   1.70718155E+01   1.67635059E+00   2.30000000E+06   1.71146793E+01   1.67608023E+00   2.30000000E+06   1.71726570E+01 
0 420 1.92799234E-08   6.93964125E-07   9.21318914E-08   5.87193902E-08   6.05019963E-08   1.57833069E-09   3.86704841E-07   1.75839024E+01   -2.17756610E-02   4.66448702E-02   1.08387254E-01   1.76800156E+01   -2.61932630E-02   -3.80873098E-03   1.07747704E-01   1.76255283E+01   -4.79237584E-04   2.22777743E-02   1.08026087E-01   1.67652333E+00   2.30000000E+06   1.70721550E+01   1.67634356E+00   2.30000000E+06   1.71162834E+01   1.67607176E+00   2.30000000E+06   1.71743393E+01 
0 430 1.91253022E-08   6.74901742E-07   9.04733426E-08   5.51304034E-08   5.92129616E-08   1.56877400E-09   3.76016800E-07   1.75836506E+01   -2.11553145E-02   4.58874740E-02   1.08402580E-01   1.76812534E+01   -2.58130208E-02   -5.61302202E-03   1.07752122E-01   1.76269302E+01   -2.66169594E-03   2.20728051E-02   1.08027905E-01   1.67652237E+00   2.30000000E+06   1.70723839E+01   1.67633545E+00   2.30000000E+06   1.71181679E+01   1.67606330E+00   2.30000000E+06   1.71760159E+01 
0 440 1.87866238E-08   6.56207874E-07   8.91361438E-08   5.14645677E-08   5.77286627E-08   1.56046320E-09   3.65926638E-07   1.75834923E+01   -2.05202289E-02   4.53108810E-02   1.08416885E-01   1.76826897E+01   -2.52603889E-02   -7.13123381E-03   1.07755229E-01   1.76286087E+01   -5.27184363E-03   2.20617503E-02   1.08027674E-01   1.67652166E+00   2.30000000E+06   1.70725956E+01   1.67632639E+00   2.30000000E+06   1.71202316E+01   1.67605472E+00   2.30000000E+06   1.71777191E+01 
0 450 1.82528002E-08   6.37879396E-07   8.77181279E-08   4.84059974E-08   5.59690037E-08   1.55336877E-09   3.56435066E-07   1.75835075E+01   -1.99014563E-02   4.48172390E-02   1.08429618E-01   1.76842632E+01   -2.45447196E-02   -8.46034102E-03   1.07757330E-01   1.76302910E+01   -8.03219713E-03   2.21534465E-02   1.08026989E-01   1.67652059E+00   2.30000000E+06   1.70728569E+01   1.67631757E+00   2.30000000E+06   1.71222534E+01   1.67604601E+00   2.30000000E+06   1.71794205E+01 
0 460 1.75786976E-08   6.19905961E-07   8.59241567E-08   4.60467078E-08   5.40038059E-08   1.54732382E-09   3.47309197E-07   1.75836887E+01   -1.93184018E-02   4.43233363E-02   1.08440809E-01   1.76858215E+01   -2.36931946E-02   -9.63826943E-03   1.07759215E-01   1.76316853E+01   -1.06145367E-02   2.22459529E-02   1.08027630E-01   1.67651939E+00   2.30000000E+06   1.70731678E+01   1.67630982E+00   2.30000000E+06   1.71239948E+01   1.67603791E+00   2.30000000E+06   1.71810265E+01 
0 470 1.68472543E-08   6.02326793E-07   8.37785237E-08   4.41470860E-08   5.19464187E-08   1.54205382E-09   3.38464076E-07   1.75839481E+01   -1.87776051E-02   4.37867157E-02   1.08450979E-01   1.76871777E+01   -2.27427669E-02   -1.06418347E-02   1.07761905E-01   1.76326103E+01   -1.27861658E-02   2.22629737E-02   1.08030714E-01   1.67651832E+00   2.30000000E+06   1.70734711E+01   1.67630410E+00   2.30000000E+06   1.71252995E+01   1.67603087E+00   2.30000000E+06   1.71824017E+01 
0 480 1.61388840E-08   5.85172756E-07   8.15220247E-08   4.25244586E-08   4.98984001E-08   1.53729995E-09   3.29914570E-07   1.75841866E+01   -1.82764288E-02   4.32060286E-02   1.08460836E-01   1.76881828E+01   -2.17411257E-02   -1.14237107E-02   1.07766248E-01   1.76330700E+01   -1.44904163E-02   2.21660100E-02   1.08036242E-01   1.67651749E+00   2.30000000E+06   1.70736923E+01   1.67630017E+00   2.30000000E+06   1.71261673E+01   1.67602551E+00   2.30000000E+06   1.71834335E+01 
0 490 1.55268900E-08   5.68454197E-07   7.93761785E-08   4.11349284E-08   4.79847664E-08   1.53284507E-09   3.21671195E-07   1.75843334E+01   -1.78095810E-02   4.26067896E-02   1.08470865E-01   1.76887932E+01   -2.07420215E-02   -1.19602159E-02   1.07772484E-01   1.76332417E+01   -1.58415549E-02   2.19473001E-02   1.08043201E-01   1.67651701E+00   2.30000000E+06   1.70737858E+01   1.67629766E+00   2.30000000E+06   1.71267223E+01   1.67602217E+00   2.30000000E+06   1.71840858E+01 
0 500 1.50641828E-08   5.52188567E-07   7.74118192E-08   3.99167952E-08   4.63519818E-08   1.52857138E-09   3.13692425E-07   1.75843964E+01   -1.73720866E-02   4.20158170E-02   1.08481124E-01   1.76890984E+01   -1.97819173E-02   -1.22744758E-02   1.07780106E-01   1.76333733E+01   -1.70398820E-02   2.16079764E-02   1.08050130E-01   1.67651713E+00   2.30000000E+06   1.70737610E+01   1.67629576E+00   2.30000000E+06   1.71271591E+01   1.67602038E+00   2.30000000E+06   1.71844349E+01 
0 510 1.47633807E-08   5.36370692E-07   7.55856888E-08   3.87102546E-08   4.50864519E-08   1.52453150E-09   3.05977125E-07   1.75844440E+01   -1.69624276E-02   4.14431170E-02   1.08491234E-01   1.76892986E+01   -1.88688766E-02   -1.24284038E-02   1.07787967E-01   1.76336765E+01   -1.82476528E-02   2.11449731E-02   1.08055808E-01   1.67651749E+00   2.30000000E+06   1.70736771E+01   1.67629361E+00   2.30000000E+06   1.71276474E+01   1.67601931E+00   2.30000000E+06   1.71846352E+01 
0 520 1.45847023E-08   5.20964647E-07   7.38275361E-08   3.73907554E-08   4.41334400E-08   1.52086710E-09   2.98646484E-07   1.75845909E+01   -1.65849626E-02   4.08826061E-02   1.08500548E-01   1.76896038E+01   -1.79928411E-02   -1.25092845E-02   1.07794844E-01   1.76342449E+01   -1.95023585E-02   2.05561370E-02   1.08059704E-01   1.67651772E+00   2.30000000E+06   1.70736256E+01   1.67629075E+00   2.30000000E+06   1.71282711E+01   1.67601824E+00   2.30000000E+06   1.71848545E+01 
0 530 1.44593475E-08   5.05949743E-07   7.21036884E-08   3.60324108E-08   4.33420659E-08   1.51770418E-09   2.91473924E-07   1.75849285E+01   -1.62474494E-02   4.03243117E-02   1.08508490E-01   1.76901474E+01   -1.71481892E-02   -1.26076201E-02   1.07799999E-01   1.76350365E+01   -2.07187422E-02   1.98601726E-02   1.08062111E-01   1.67651749E+00   2.30000000E+06   1.70736771E+01   1.67628741E+00   2.30000000E+06   1.71290169E+01   1.67601645E+00   2.30000000E+06   1.71852036E+01 
0 540 1.43217562E-08   4.91313642E-07   7.04185794E-08   3.48407205E-08   4.25674429E-08   1.51506041E-09   2.84478233E-07   1.75854950E+01   -1.59600265E-02   3.97664271E-02   1.08514801E-01   1.76909294E+01   -1.63456388E-02   -1.27829546E-02   1.07803509E-01   1.76359253E+01   -2.17500404E-02   1.90970581E-02   1.08063802E-01   1.67651677E+00   2.30000000E+06   1.70738583E+01   1.67628396E+00   2.30000000E+06   1.71297970E+01   1.67601383E+00   2.30000000E+06   1.71856995E+01 
0 550 1.41254315E-08   4.77037872E-07   6.87757264E-08   3.38647297E-08   4.17208064E-08   1.51289836E-09   2.77856145E-07   1.75862465E+01   -1.57323238E-02   3.92233543E-02   1.08519688E-01   1.76918507E+01   -1.56017523E-02   -1.30533157E-02   1.07806049E-01   1.76367664E+01   -2.24659555E-02   1.83218215E-02   1.08065635E-01   1.67651570E+00   2.30000000E+06   1.70741348E+01   1.67628074E+00   2.30000000E+06   1.71305103E+01   1.67601085E+00   2.30000000E+06   1.71862755E+01 
0 560 1.38369529E-08   4.63075651E-07   6.71899514E-08   3.29404735E-08   4.07307112E-08   1.51103063E-09   2.71414706E-07   1.75870819E+01   -1.55712469E-02   3.87250185E-02   1.08523734E-01   1.76927834E+01   -1.49236545E-02   -1.33861201E-02   1.07808411E-01   1.76374588E+01   -2.28103045E-02   1.75834242E-02   1.08068198E-01   1.67651463E+00   2.30000000E+06   1.70744247E+01   1.67627823E+00   2.30000000E+06   1.71310730E+01   1.67600787E+00   2.30000000E+06   1.71868515E+01 
0 570 1.34315892E-08   4.49451818E-07   6.57085479E-08   3.19053619E-08   3.95184294E-08   1.50922930E-09   2.65124157E-07   1.75878792E+01   -1.54768489E-02   3.83021086E-02   1.08527660E-01   1.76936417E+01   -1.42977610E-02   -1.37109207E-02   1.07811108E-01   1.76379700E+01   -2.28145160E-02   1.69073772E-02   1.08071633E-01   1.67651379E+00   2.30000000E+06   1.70746384E+01   1.67627645E+00   2.30000000E+06   1.71314640E+01   1.67600524E+00   2.30000000E+06   1.71873627E+01 
0 580 1.29093900E-08   4.36217874E-07   6.43799396E-08   3.08342365E-08   3.80565695E-08   1.50737978E-09   2.59002661E-07   1.75885448E+01   -1.54421916E-02   3.79715003E-02   1.08532019E-01   1.76944160E+01   -1.37088699E-02   -1.39501309E-02   1.07814133E-01   1.76383438E+01   -2.25769021E-02   1.62919089E-02   1.08075649E-01   1.67651355E+00   2.30000000E+06   1.70747070E+01   1.67627537E+00   2.30000000E+06   1.71317101E+01   1.67600298E+00   2.30000000E+06   1.71877956E+01 
0 590 1.23131452E-08   4.23373592E-07   6.31739709E-08   2.99533554E-08   3.64504302E-08   1.50540347E-09   2.53102769E-07   1.75890465E+01   -1.54534113E-02   3.77272330E-02   1.08537033E-01   1.76951370E+01   -1.31616220E-02   -1.40564628E-02   1.07817210E-01   1.76386509E+01   -2.22192779E-02   1.57134626E-02   1.08079791E-01   1.67651391E+00   2.30000000E+06   1.70746155E+01   1.67627466E+00   2.30000000E+06   1.71318626E+01   1.67600107E+00   2.30000000E+06   1.71881638E+01 
0 600 1.17209513E-08   4.10883729E-07   6.19793781E-08   2.93338012E-08   3.49286502E-08   1.50322654E-09   2.47333446E-07   1.75894127E+01   -1.54911084E-02   3.75416279E-02   1.08542554E-01   1.76958427E+01   -1.26783904E-02   -1.40323183E-02   1.07820027E-01   1.76389580E+01   -2.18439046E-02   1.51402811E-02   1.08083636E-01   1.67651474E+00   2.30000000E+06   1.70743942E+01   1.67627418E+00   2.30000000E+06   1.71319695E+01   1.67599940E+00   2.30000000E+06   1.71884918E+01 
0 610 1.12077281E-08   3.98699910E-07   6.07089916E-08   2.87491844E-08   3.37003421E-08   1.50076251E-09   2.41630204E-07   1.75897160E+01   -1.55360810E-02   3.73747721E-02   1.08548179E-01   1.76965466E+01   -1.22779654E-02   -1.39282318E-02   1.07822478E-01   1.76392975E+01   -2.15070210E-02   1.45477541E-02   1.08087018E-01   1.67651582E+00   2.30000000E+06   1.70741158E+01   1.67627370E+00   2.30000000E+06   1.71320553E+01   1.67599785E+00   2.30000000E+06   1.71887856E+01 
0 620 1.08004503E-08   3.86788003E-07   5.93736189E-08   2.79221943E-08   3.27802958E-08   1.49791024E-09   2.36046759E-07   1.75900345E+01   -1.55738853E-02   3.71913761E-02   1.08553454E-01   1.76972313E+01   -1.19617051E-02   -1.38150146E-02   1.07824683E-01   1.76396542E+01   -2.12199632E-02   1.39326816E-02   1.08090051E-01   1.67651689E+00   2.30000000E+06   1.70738468E+01   1.67627347E+00   2.30000000E+06   1.71321106E+01   1.67599654E+00   2.30000000E+06   1.71890354E+01 
0 630 1.04729105E-08   3.75130867E-07   5.80711195E-08   2.68254894E-08   3.19819620E-08   1.49460888E-09   2.30709688E-07   1.75904255E+01   -1.55989397E-02   3.69737335E-02   1.08558059E-01   1.76978664E+01   -1.17190005E-02   -1.37535566E-02   1.07826859E-01   1.76399918E+01   -2.09709536E-02   1.33138001E-02   1.08092986E-01   1.67651761E+00   2.30000000E+06   1.70736389E+01   1.67627347E+00   2.30000000E+06   1.71321125E+01   1.67599559E+00   2.30000000E+06   1.71892300E+01 
0 640 1.01870405E-08   3.63762041E-07   5.68830210E-08   2.57204107E-08   3.10928421E-08   1.49084978E-09   2.25384213E-07   1.75909023E+01   -1.56146679E-02   3.67285274E-02   1.08561918E-01   1.76984463E+01   -1.15430383E-02   -1.37762297E-02   1.07829139E-01   1.76402721E+01   -2.07473990E-02   1.27181243E-02   1.08096100E-01   1.67651820E+00   2.30000000E+06   1.70735054E+01   1.67627382E+00   2.30000000E+06   1.71320362E+01   1.67599487E+00   2.30000000E+06   1.71893673E+01 
0 650 9.93506521E-09   3.52704689E-07   5.58098030E-08   2.49004959E-08   3.00481631E-08   1.48662926E-09   2.20186578E-07   1.75914345E+01   -1.56287439E-02   3.64810675E-02   1.08565226E-01   1.76989918E+01   -1.14396429E-02   -1.38843004E-02   1.07831471E-01   1.76404781E+01   -2.05447152E-02   1.21686133E-02   1.08099528E-01   1.67651844E+00   2.30000000E+06   1.70734177E+01   1.67627454E+00   2.30000000E+06   1.71318684E+01   1.67599440E+00   2.30000000E+06   1.71894646E+01 
0 660 9.74230208E-09   3.41937039E-07   5.47819816E-08   2.44026204E-08   2.89607307E-08   1.48194923E-09   2.15148830E-07   1.75919666E+01   -1.56474859E-02   3.62626910E-02   1.08568311E-01   1.76995468E+01   -1.14182718E-02   -1.40539985E-02   1.07833683E-01   1.76406193E+01   -2.03681774E-02   1.16750868E-02   1.08103216E-01   1.67651880E+00   2.30000000E+06   1.70733318E+01   1.67627573E+00   2.30000000E+06   1.71316261E+01   1.67599380E+00   2.30000000E+06   1.71895618E+01 
0 670 9.63247970E-09   3.31441129E-07   5.37246905E-08   2.40078091E-08   2.80012706E-08   1.47684032E-09   2.10186400E-07   1.75924416E+01   -1.56733766E-02   3.60971168E-02   1.08571500E-01   1.77001667E+01   -1.14751253E-02   -1.42550832E-02   1.07835464E-01   1.76407337E+01   -2.02268157E-02   1.12289265E-02   1.08106963E-01   1.67651927E+00   2.30000000E+06   1.70732021E+01   1.67627704E+00   2.30000000E+06   1.71313343E+01   1.67599308E+00   2.30000000E+06   1.71897068E+01 
0 680 9.59195035E-09   3.21184615E-07   5.26228447E-08   2.34912836E-08   2.72415264E-08   1.47135637E-09   2.05323389E-07   1.75928211E+01   -1.57032255E-02   3.59906331E-02   1.08575046E-01   1.77009048E+01   -1.15876542E-02   -1.44592989E-02   1.07836530E-01   1.76408577E+01   -2.01193672E-02   1.08094746E-02   1.08110540E-01   1.67652011E+00   2.30000000E+06   1.70729923E+01   1.67627835E+00   2.30000000E+06   1.71310291E+01   1.67599189E+00   2.30000000E+06   1.71899452E+01 
0 690 9.57113766E-09   3.11172641E-07   5.15279801E-08   2.27969164E-08   2.66117492E-08   1.46554036E-09   2.00456569E-07   1.75930939E+01   -1.57281961E-02   3.59305218E-02   1.08579002E-01   1.77017822E+01   -1.17213605E-02   -1.46409394E-02   1.07836716E-01   1.76410217E+01   -2.00290140E-02   1.03948535E-02   1.08113758E-01   1.67652118E+00   2.30000000E+06   1.70726986E+01   1.67627978E+00   2.30000000E+06   1.71307335E+01   1.67598999E+00   2.30000000E+06   1.71903000E+01 
0 700 9.51673673E-09   3.01418254E-07   5.05017717E-08   2.20358629E-08   2.59852939E-08   1.45943646E-09   1.95550385E-07   1.75932751E+01   -1.57372858E-02   3.58900540E-02   1.08583279E-01   1.77027836E+01   -1.18459547E-02   -1.47765130E-02   1.07836060E-01   1.76412258E+01   -1.99314058E-02   9.97734722E-03   1.08116612E-01   1.67652261E+00   2.30000000E+06   1.70723324E+01   1.67628098E+00   2.30000000E+06   1.71304531E+01   1.67598760E+00   2.30000000E+06   1.71907616E+01 
0 710 9.40090583E-09   2.91931372E-07   4.95608177E-08   2.13611635E-08   2.52905181E-08   1.45313206E-09   1.90705563E-07   1.75933990E+01   -1.57230943E-02   3.58396620E-02   1.08587697E-01   1.77038536E+01   -1.19471652E-02   -1.48501657E-02   1.07834868E-01   1.76414509E+01   -1.98038239E-02   9.56585538E-03   1.08119220E-01   1.67652416E+00   2.30000000E+06   1.70719280E+01   1.67628229E+00   2.30000000E+06   1.71301727E+01   1.67598486E+00   2.30000000E+06   1.71912880E+01 
0 720 9.23105414E-09   2.82731662E-07   4.86798903E-08   2.08482724E-08   2.45591334E-08   1.44661838E-09   1.86052532E-07   1.75935001E+01   -1.56850349E-02   3.57590094E-02   1.08592056E-01   1.77049065E+01   -1.20260213E-02   -1.48584172E-02   1.07833564E-01   1.76416645E+01   -1.96356662E-02   9.18034185E-03   1.08121745E-01   1.67652571E+00   2.30000000E+06   1.70715141E+01   1.67628360E+00   2.30000000E+06   1.71298676E+01   1.67598212E+00   2.30000000E+06   1.71918125E+01 
0 730 9.03892605E-09   2.73832626E-07   4.78151989E-08   2.04731325E-08   2.38915092E-08   1.43984147E-09   1.81501150E-07   1.75936031E+01   -1.56278983E-02   3.56414206E-02   1.08596213E-01   1.77058697E+01   -1.20903701E-02   -1.48093021E-02   1.07832581E-01   1.76418247E+01   -1.94361638E-02   8.84626247E-03   1.08124457E-01   1.67652726E+00   2.30000000E+06   1.70711136E+01   1.67628527E+00   2.30000000E+06   1.71295052E+01   1.67597961E+00   2.30000000E+06   1.71922760E+01 
0 740 8.86143869E-09   2.65237304E-07   4.69222847E-08   2.01373496E-08   2.33848549E-08   1.43275480E-09   1.76995769E-07   1.75937195E+01   -1.55606326E-02   3.54958959E-02   1.08600147E-01   1.77067032E+01   -1.21483952E-02   -1.47186061E-02   1.07832149E-01   1.76418915E+01   -1.92309543E-02   8.58318713E-03   1.08127557E-01   1.67652869E+00   2.30000000E+06   1.70707359E+01   1.67628729E+00   2.30000000E+06   1.71290588E+01   1.67597771E+00   2.30000000E+06   1.71926422E+01 
0 750 8.72002826E-09   2.56939501E-07   4.59759448E-08   1.97106580E-08   2.30580905E-08   1.42531886E-09   1.72725763E-07   1.75938396E+01   -1.54931424E-02   3.53414677E-02   1.08603910E-01   1.77074127E+01   -1.22084413E-02   -1.46067329E-02   1.07832223E-01   1.76418457E+01   -1.90543383E-02   8.39783810E-03   1.08131178E-01   1.67653000E+00   2.30000000E+06   1.70703754E+01   1.67628968E+00   2.30000000E+06   1.71285095E+01   1.67597628E+00   2.30000000E+06   1.71929150E+01 
0 760 8.60770566E-09   2.48925545E-07   4.49909336E-08   1.90893275E-08   2.28172610E-08   1.41753020E-09   1.68568150E-07   1.75939484E+01   -1.54321902E-02   3.51984948E-02   1.08607613E-01   1.77080441E+01   -1.22808004E-02   -1.44944061E-02   1.07832551E-01   1.76416893E+01   -1.89365465E-02   8.28276388E-03   1.08135320E-01   1.67653143E+00   2.30000000E+06   1.70700169E+01   1.67629266E+00   2.30000000E+06   1.71278572E+01   1.67597520E+00   2.30000000E+06   1.71931248E+01 
0 770 8.49203463E-09   2.41186342E-07   4.40140191E-08   1.82697519E-08   2.24883916E-08   1.40939616E-09   1.64353835E-07   1.75940266E+01   -1.53795024E-02   3.50807421E-02   1.08611375E-01   1.77086487E+01   -1.23778451E-02   -1.44011155E-02   1.07832842E-01   1.76414394E+01   -1.88926645E-02   8.21710378E-03   1.08139917E-01   1.67653286E+00   2.30000000E+06   1.70696449E+01   1.67629600E+00   2.30000000E+06   1.71271133E+01   1.67597425E+00   2.30000000E+06   1.71933117E+01 
0 780 8.33648972E-09   2.33716150E-07   4.31009788E-08   1.74135337E-08   2.19154455E-08   1.40093848E-09   1.60074052E-07   1.75940590E+01   -1.53320450E-02   3.49921398E-02   1.08615279E-01   1.77092724E+01   -1.25080897E-02   -1.43439602E-02   1.07832879E-01   1.76411209E+01   -1.89181808E-02   8.17199983E-03   1.08144820E-01   1.67653430E+00   2.30000000E+06   1.70692501E+01   1.67629957E+00   2.30000000E+06   1.71263084E+01   1.67597318E+00   2.30000000E+06   1.71935101E+01 
0 790 8.12555356E-09   2.26494734E-07   4.22732889E-08   1.67595431E-08   2.10626396E-08   1.39217460E-09   1.55784051E-07   1.75940456E+01   -1.52844219E-02   3.49276699E-02   1.08619362E-01   1.77099266E+01   -1.26672257E-02   -1.43354358E-02   1.07832626E-01   1.76407757E+01   -1.89911313E-02   8.12053215E-03   1.08149827E-01   1.67653596E+00   2.30000000E+06   1.70688248E+01   1.67630327E+00   2.30000000E+06   1.71254787E+01   1.67597198E+00   2.30000000E+06   1.71937351E+01 
0 800 7.87521781E-09   2.19507925E-07   4.14915498E-08   1.64236909E-08   2.00540473E-08   1.38312550E-09   1.51459247E-07   1.75939884E+01   -1.52314203E-02   3.48775201E-02   1.08623594E-01   1.77105999E+01   -1.28357923E-02   -1.43798077E-02   1.07832208E-01   1.76404476E+01   -1.90797392E-02   8.04377627E-03   1.08154722E-01   1.67653763E+00   2.30000000E+06   1.70683765E+01   1.67630684E+00   2.30000000E+06   1.71246643E+01   1.67597067E+00   2.30000000E+06   1.71939831E+01 
0 810 7.61985142E-09   2.12716401E-07   4.06870910E-08   1.62687179E-08   1.91017051E-08   1.37387424E-09   1.47129626E-07   1.75939007E+01   -1.51706608E-02   3.48322131E-02   1.08627900E-01   1.77112770E+01   -1.29859857E-02   -1.44703472E-02   1.07831754E-01   1.76401691E+01   -1.91523861E-02   7.93560315E-03   1.08159311E-01   1.67653930E+00   2.30000000E+06   1.70679169E+01   1.67631018E+00   2.30000000E+06   1.71239033E+01   1.67596936E+00   2.30000000E+06   1.71942444E+01 
0 820 7.38546557E-09   2.06082220E-07   3.98255544E-08   1.60284568E-08   1.83587563E-08   1.36450962E-09   1.42872111E-07   1.75937977E+01   -1.51036391E-02   3.47863324E-02   1.08632214E-01   1.77119484E+01   -1.30938059E-02   -1.45886810E-02   1.07831337E-01   1.76399708E+01   -1.91852320E-02   7.80357374E-03   1.08163454E-01   1.67654109E+00   2.30000000E+06   1.70674553E+01   1.67631328E+00   2.30000000E+06   1.71232224E+01   1.67596793E+00   2.30000000E+06   1.71945152E+01 
0 830 7.17372872E-09   1.99608138E-07   3.89430639E-08   1.55595181E-08   1.78126420E-08   1.35510037E-09   1.38788181E-07   1.75936890E+01   -1.50347799E-02   3.47395130E-02   1.08636454E-01   1.77126160E+01   -1.31500894E-02   -1.47082815E-02   1.07830927E-01   1.76398563E+01   -1.91652346E-02   7.66636943E-03   1.08167097E-01   1.67654276E+00   2.30000000E+06   1.70670033E+01   1.67631590E+00   2.30000000E+06   1.71226330E+01   1.67596638E+00   2.30000000E+06   1.71947994E+01 
0 840 6.97432068E-09   1.93309063E-07   3.81087411E-08   1.49517714E-08   1.73339370E-08   1.34568967E-09   1.34952330E-07   1.75935822E+01   -1.49692520E-02   3.46956886E-02   1.08640604E-01   1.77132874E+01   -1.31660663E-02   -1.48029085E-02   1.07830442E-01   1.76398125E+01   -1.90898906E-02   7.54769612E-03   1.08170323E-01   1.67654443E+00   2.30000000E+06   1.70665665E+01   1.67631805E+00   2.30000000E+06   1.71221256E+01   1.67596483E+00   2.30000000E+06   1.71950951E+01 
0 850 6.79101442E-09   1.87222469E-07   3.73494231E-08   1.44230530E-08   1.68304872E-08   1.33629519E-09   1.31565500E-07   1.75934772E+01   -1.49113424E-02   3.46601866E-02   1.08644649E-01   1.77139549E+01   -1.31677762E-02   -1.48552600E-02   1.07829884E-01   1.76398029E+01   -1.89641193E-02   7.46916514E-03   1.08173288E-01   1.67654598E+00   2.30000000E+06   1.70661488E+01   1.67632008E+00   2.30000000E+06   1.71216736E+01   1.67596328E+00   2.30000000E+06   1.71953945E+01 
0 860 6.65162192E-09   1.81353457E-07   3.66214863E-08   1.40967407E-08   1.63400369E-08   1.32689992E-09   1.28409198E-07   1.75933762E+01   -1.48632722E-02   3.46371569E-02   1.08648598E-01   1.77145901E+01   -1.31820738E-02   -1.48619013E-02   1.07829377E-01   1.76397820E+01   -1.87981650E-02   7.44896103E-03   1.08176224E-01   1.67654741E+00   2.30000000E+06   1.70657501E+01   1.67632198E+00   2.30000000E+06   1.71212368E+01   1.67596173E+00   2.30000000E+06   1.71956730E+01 
0 870 6.58633859E-09   1.75708223E-07   3.58650070E-08   1.38894718E-08   1.59765836E-08   1.31748612E-09   1.25385284E-07   1.75932789E+01   -1.48245059E-02   3.46285738E-02   1.08652458E-01   1.77151470E+01   -1.32253440E-02   -1.48342857E-02   1.07829206E-01   1.76397057E+01   -1.86075121E-02   7.49443378E-03   1.08179368E-01   1.67654884E+00   2.30000000E+06   1.70653706E+01   1.67632401E+00   2.30000000E+06   1.71207733E+01   1.67596066E+00   2.30000000E+06   1.71958866E+01 
0 880 6.59539001E-09   1.70265494E-07   3.50505118E-08   1.36122065E-08   1.57976352E-08   1.30804034E-09   1.22513711E-07   1.75931835E+01   -1.47923212E-02   3.46343108E-02   1.08656213E-01   1.77155781E+01   -1.33002149E-02   -1.47947166E-02   1.07829660E-01   1.76395435E+01   -1.84114650E-02   7.59916846E-03   1.08182892E-01   1.67655015E+00   2.30000000E+06   1.70650082E+01   1.67632627E+00   2.30000000E+06   1.71202545E+01   1.67596006E+00   2.30000000E+06   1.71959991E+01 
0 890 6.63876731E-09   1.65008359E-07   3.42065469E-08   1.31589957E-08   1.57292970E-08   1.29857902E-09   1.19760557E-07   1.75930920E+01   -1.47636393E-02   3.46527137E-02   1.08659871E-01   1.77158566E+01   -1.33983018E-02   -1.47682251E-02   1.07830927E-01   1.76392879E+01   -1.82327088E-02   7.74354022E-03   1.08186826E-01   1.67655146E+00   2.30000000E+06   1.70646629E+01   1.67632890E+00   2.30000000E+06   1.71196651E+01   1.67596006E+00   2.30000000E+06   1.71959896E+01 
0 900 6.65749056E-09   1.59927680E-07   3.33908972E-08   1.25905411E-08   1.56159334E-08   1.28915878E-09   1.17095148E-07   1.75930023E+01   -1.47359157E-02   3.46815884E-02   1.08663432E-01   1.77159920E+01   -1.35074165E-02   -1.47736641E-02   1.07832991E-01   1.76389542E+01   -1.80953536E-02   7.89937377E-03   1.08191080E-01   1.67655277E+00   2.30000000E+06   1.70643311E+01   1.67633176E+00   2.30000000E+06   1.71190166E+01   1.67596078E+00   2.30000000E+06   1.71958618E+01 
0 910 6.60449029E-09   1.55016124E-07   3.26531904E-08   1.20860788E-08   1.53264779E-08   1.27984012E-09   1.14438073E-07   1.75929089E+01   -1.47072133E-02   3.47190388E-02   1.08666904E-01   1.77160263E+01   -1.36205722E-02   -1.48177920E-02   1.07835628E-01   1.76385860E+01   -1.80192906E-02   8.03611614E-03   1.08195469E-01   1.67655396E+00   2.30000000E+06   1.70640087E+01   1.67633474E+00   2.30000000E+06   1.71183395E+01   1.67596185E+00   2.30000000E+06   1.71956501E+01 
0 920 6.46453380E-09   1.50272911E-07   3.20031042E-08   1.18258683E-08   1.48295980E-08   1.27070587E-09   1.11865589E-07   1.75928116E+01   -1.46765243E-02   3.47634405E-02   1.08670324E-01   1.77160149E+01   -1.37395710E-02   -1.48954205E-02   1.07838519E-01   1.76382351E+01   -1.80140529E-02   8.12857412E-03   1.08199716E-01   1.67655516E+00   2.30000000E+06   1.70636902E+01   1.67633760E+00   2.30000000E+06   1.71176739E+01   1.67596328E+00   2.30000000E+06   1.71953964E+01 
0 930 6.25741103E-09   1.45691885E-07   3.14008872E-08   1.18483161E-08   1.42073837E-08   1.26181965E-09   1.09419020E-07   1.75927010E+01   -1.46434857E-02   3.48124765E-02   1.08673722E-01   1.77160034E+01   -1.38719762E-02   -1.49931945E-02   1.07841387E-01   1.76379509E+01   -1.80746838E-02   8.16330686E-03   1.08203575E-01   1.67655623E+00   2.30000000E+06   1.70633755E+01   1.67634022E+00   2.30000000E+06   1.71170654E+01   1.67596459E+00   2.30000000E+06   1.71951389E+01 
0 940 6.02607386E-09   1.41251249E-07   3.07812726E-08   1.20130998E-08   1.36080809E-08   1.25323418E-09   1.07069667E-07   1.75925808E+01   -1.46081615E-02   3.48624103E-02   1.08677112E-01   1.77160053E+01   -1.40255103E-02   -1.50951166E-02   1.07844159E-01   1.76377678E+01   -1.81805603E-02   8.14163871E-03   1.08206868E-01   1.67655742E+00   2.30000000E+06   1.70630627E+01   1.67634249E+00   2.30000000E+06   1.71165466E+01   1.67596591E+00   2.30000000E+06   1.71948872E+01 
0 950 5.81406967E-09   1.36945602E-07   3.01064667E-08   1.20990782E-08   1.31527527E-08   1.24497124E-09   1.04886048E-07   1.75924492E+01   -1.45710185E-02   3.49080414E-02   1.08680494E-01   1.77159939E+01   -1.42030530E-02   -1.51880309E-02   1.07846968E-01   1.76376991E+01   -1.82988402E-02   8.07929412E-03   1.08209543E-01   1.67655861E+00   2.30000000E+06   1.70627537E+01   1.67634428E+00   2.30000000E+06   1.71161346E+01   1.67596734E+00   2.30000000E+06   1.71946259E+01 
0 960 5.64300251E-09   1.32770012E-07   2.93877811E-08   1.19536052E-08   1.28480124E-08   1.23702915E-09   1.02891072E-07   1.75923195E+01   -1.45324897E-02   3.49438787E-02   1.08683832E-01   1.77159214E+01   -1.44016594E-02   -1.52648510E-02   1.07850112E-01   1.76377335E+01   -1.83927529E-02   8.00178107E-03   1.08211651E-01   1.67655969E+00   2.30000000E+06   1.70624561E+01   1.67634559E+00   2.30000000E+06   1.71158295E+01   1.67596889E+00   2.30000000E+06   1.71943150E+01 
0 970 5.50650014E-09   1.28734641E-07   2.86776114E-08   1.15806147E-08   1.25905224E-08   1.22937438E-09   1.01273194E-07   1.75921993E+01   -1.44933406E-02   3.49656306E-02   1.08687066E-01   1.77157326E+01   -1.46152955E-02   -1.53248729E-02   1.07853889E-01   1.76378384E+01   -1.84320025E-02   7.93760549E-03   1.08213365E-01   1.67656064E+00   2.30000000E+06   1.70621815E+01   1.67634654E+00   2.30000000E+06   1.71156044E+01   1.67597103E+00   2.30000000E+06   1.71939144E+01 
0 980 5.38498091E-09   1.24856214E-07   2.80206560E-08   1.11205800E-08   1.22648141E-08   1.22198351E-09   1.00031656E-07   1.75921040E+01   -1.44549338E-02   3.49720530E-02   1.08690135E-01   1.77153931E+01   -1.48394033E-02   -1.53724812E-02   1.07858516E-01   1.76379757E+01   -1.84012018E-02   7.91001413E-03   1.08214878E-01   1.67656159E+00   2.30000000E+06   1.70619354E+01   1.67634726E+00   2.30000000E+06   1.71154308E+01   1.67597377E+00   2.30000000E+06   1.71933956E+01 
0 990 5.26565680E-09   1.21145177E-07   2.74195582E-08   1.07352474E-08   1.18384627E-08   1.21482224E-09   9.88108795E-08   1.75920429E+01   -1.44187734E-02   3.49658206E-02   1.08692981E-01   1.77148991E+01   -1.50742736E-02   -1.54152205E-02   1.07864000E-01   1.76381035E+01   -1.83030199E-02   7.93130137E-03   1.08216397E-01   1.67656231E+00   2.30000000E+06   1.70617294E+01   1.67634797E+00   2.30000000E+06   1.71152744E+01   1.67597723E+00   2.30000000E+06   1.71927471E+01 
0 1000 5.14988896E-09   1.17591121E-07   2.68377427E-08   1.04743849E-08   1.13771677E-08   1.20787458E-09   9.75092007E-08   1.75920200E+01   -1.43864332E-02   3.49530913E-02   1.08695582E-01   1.77142677E+01   -1.53254615E-02   -1.54619310E-02   1.07870243E-01   1.76381931E+01   -1.81573201E-02   8.00065510E-03   1.08218066E-01   1.67656302E+00   2.30000000E+06   1.70615616E+01   1.67634869E+00   2.30000000E+06   1.71151028E+01   1.67598116E+00   2.30000000E+06   1.71919823E+01 
0 1010 5.04523667E-09   1.14177595E-07   2.62375739E-08   1.02529105E-08   1.09774190E-08   1.20111743E-09   9.61867741E-08   1.75920334E+01   -1.43593941E-02   3.49419303E-02   1.08697943E-01   1.77135296E+01   -1.56018091E-02   -1.55212032E-02   1.07877046E-01   1.76382313E+01   -1.79951750E-02   8.10543541E-03   1.08219944E-01   1.67656350E+00   2.30000000E+06   1.70614281E+01   1.67634964E+00   2.30000000E+06   1.71149025E+01   1.67598569E+00   2.30000000E+06   1.71911201E+01 
0 1020 4.95397101E-09   1.10889289E-07   2.56132626E-08   9.95728211E-09   1.06808020E-08   1.19451959E-09   9.48147942E-08   1.75920753E+01   -1.43384133E-02   3.49400602E-02   1.08700104E-01   1.77127113E+01   -1.59114990E-02   -1.56002119E-02   1.07884273E-01   1.76382198E+01   -1.78494602E-02   8.22647568E-03   1.08222023E-01   1.67656386E+00   2.30000000E+06   1.70613251E+01   1.67635059E+00   2.30000000E+06   1.71146698E+01   1.67599058E+00   2.30000000E+06   1.71901817E+01 
0 1030 4.87087659E-09   1.07727608E-07   2.49950300E-08   9.56437507E-09   1.04474909E-08   1.18805754E-09   9.33686906E-08   1.75921307E+01   -1.43232895E-02   3.49525809E-02   1.08702138E-01   1.77118149E+01   -1.62585173E-02   -1.57035682E-02   1.07891887E-01   1.76381760E+01   -1.77469272E-02   8.34353454E-03   1.08224213E-01   1.67656422E+00   2.30000000E+06   1.70612373E+01   1.67635167E+00   2.30000000E+06   1.71144104E+01   1.67599583E+00   2.30000000E+06   1.71891689E+01 
0 1040 4.79144546E-09   1.04699758E-07   2.44191334E-08   9.16274523E-09   1.02094946E-08   1.18170140E-09   9.18729839E-08   1.75921898E+01   -1.43130394E-02   3.49806733E-02   1.08704090E-01   1.77108383E+01   -1.66418552E-02   -1.58328079E-02   1.07899942E-01   1.76381245E+01   -1.77020337E-02   8.44086241E-03   1.08226404E-01   1.67656446E+00   2.30000000E+06   1.70611572E+01   1.67635286E+00   2.30000000E+06   1.71141453E+01   1.67600155E+00   2.30000000E+06   1.71880817E+01 
0 1050 4.72067541E-09   1.01808531E-07   2.38967690E-08   8.86748630E-09   9.94297888E-09   1.17543231E-09   9.04051305E-08   1.75922413E+01   -1.43059697E-02   3.50216515E-02   1.08706042E-01   1.77097664E+01   -1.70559231E-02   -1.59863345E-02   1.07908539E-01   1.76380882E+01   -1.77149884E-02   8.51073489E-03   1.08228467E-01   1.67656481E+00   2.30000000E+06   1.70610752E+01   1.67635393E+00   2.30000000E+06   1.71138935E+01   1.67600763E+00   2.30000000E+06   1.71869087E+01 
0 1060 4.67245087E-09   9.90518316E-08   2.34093189E-08   8.72112604E-09   9.69126468E-09   1.16923005E-09   8.90251428E-08   1.75922794E+01   -1.43000102E-02   3.50700654E-02   1.08708002E-01   1.77085857E+01   -1.74932498E-02   -1.61600597E-02   1.07917756E-01   1.76380882E+01   -1.77736338E-02   8.55417084E-03   1.08230315E-01   1.67656505E+00   2.30000000E+06   1.70609856E+01   1.67635489E+00   2.30000000E+06   1.71136742E+01   1.67601418E+00   2.30000000E+06   1.71856403E+01 
0 1070 4.65917704E-09   9.64135793E-08   2.29263133E-08   8.65179572E-09   9.52509183E-09   1.16308219E-09   8.78917348E-08   1.75923061E+01   -1.42931314E-02   3.51196006E-02   1.08709991E-01   1.77072964E+01   -1.79474037E-02   -1.63492449E-02   1.07927620E-01   1.76381340E+01   -1.78580061E-02   8.57904088E-03   1.08231895E-01   1.67656541E+00   2.30000000E+06   1.70608902E+01   1.67635560E+00   2.30000000E+06   1.71135006E+01   1.67602122E+00   2.30000000E+06   1.71842747E+01 
0 1080 4.67992400E-09   9.38734459E-08   2.24315713E-08   8.55160032E-09   9.47631840E-09   1.15697707E-09   8.68985666E-08   1.75923233E+01   -1.42838974E-02   3.51648293E-02   1.08711980E-01   1.77059040E+01   -1.84153076E-02   -1.65499318E-02   1.07938096E-01   1.76382313E+01   -1.79465227E-02   8.59639794E-03   1.08233199E-01   1.67656577E+00   2.30000000E+06   1.70607929E+01   1.67635620E+00   2.30000000E+06   1.71133785E+01   1.67602873E+00   2.30000000E+06   1.71828156E+01 
0 1090 4.71770711E-09   9.14184852E-08   2.19325109E-08   8.35979108E-09   9.50432177E-09   1.15091592E-09   8.58440146E-08   1.75923367E+01   -1.42716877E-02   3.52024697E-02   1.08713947E-01   1.77044182E+01   -1.88973192E-02   -1.67597756E-02   1.07949130E-01   1.76383705E+01   -1.80204529E-02   8.61652754E-03   1.08234264E-01   1.67656612E+00   2.30000000E+06   1.70606995E+01   1.67635643E+00   2.30000000E+06   1.71133080E+01   1.67603660E+00   2.30000000E+06   1.71812668E+01 
0 1100 4.74774264E-09   8.90519587E-08   2.14516671E-08   8.09827672E-09   9.52293977E-09   1.14489318E-09   8.48132373E-08   1.75923538E+01   -1.42567139E-02   3.52317020E-02   1.08715862E-01   1.77028465E+01   -1.93955731E-02   -1.69778224E-02   1.07960649E-01   1.76385422E+01   -1.80672184E-02   8.64593498E-03   1.08235136E-01   1.67656648E+00   2.30000000E+06   1.70606136E+01   1.67635655E+00   2.30000000E+06   1.71132774E+01   1.67604494E+00   2.30000000E+06   1.71796379E+01 
0 1110 4.74916284E-09   8.67830465E-08   2.10035456E-08   7.83928655E-09   9.45570644E-09   1.13889775E-09   8.38501819E-08   1.75923786E+01   -1.42399790E-02   3.52536365E-02   1.08717695E-01   1.77011948E+01   -1.99118294E-02   -1.72035489E-02   1.07972637E-01   1.76387310E+01   -1.80813577E-02   8.68680328E-03   1.08235881E-01   1.67656672E+00   2.30000000E+06   1.70605392E+01   1.67635655E+00   2.30000000E+06   1.71132774E+01   1.67605364E+00   2.30000000E+06   1.71779327E+01 
0 1120 4.71263029E-09   8.46184705E-08   2.05845989E-08   7.64559083E-09   9.27374177E-09   1.13291854E-09   8.29218223E-08   1.75924149E+01   -1.42228734E-02   3.52703221E-02   1.08719431E-01   1.76994610E+01   -2.04456337E-02   -1.74358450E-02   1.07985087E-01   1.76389275E+01   -1.80638991E-02   8.73741042E-03   1.08236559E-01   1.67656696E+00   2.30000000E+06   1.70604801E+01   1.67635655E+00   2.30000000E+06   1.71132965E+01   1.67606270E+00   2.30000000E+06   1.71761494E+01 
0 1130 4.64109950E-09   8.25606392E-08   2.01767705E-08   7.53159757E-09   8.99939323E-09   1.12694176E-09   8.19884534E-08   1.75924644E+01   -1.42068779E-02   3.52836959E-02   1.08721063E-01   1.76976376E+01   -2.09936686E-02   -1.76727492E-02   1.07998043E-01   1.76391182E+01   -1.80212297E-02   8.79384857E-03   1.08237214E-01   1.67656708E+00   2.30000000E+06   1.70604382E+01   1.67635643E+00   2.30000000E+06   1.71133232E+01   1.67607212E+00   2.30000000E+06   1.71742821E+01 
0 1140 4.54548976E-09   8.06095244E-08   1.97630818E-08   7.45833262E-09   8.68423378E-09   1.12095222E-09   8.09827867E-08   1.75925255E+01   -1.41932629E-02   3.52949798E-02   1.08722582E-01   1.76957150E+01   -2.15503443E-02   -1.79120395E-02   1.08011544E-01   1.76392956E+01   -1.79630760E-02   8.85199849E-03   1.08237885E-01   1.67656720E+00   2.30000000E+06   1.70604115E+01   1.67635632E+00   2.30000000E+06   1.71133461E+01   1.67608190E+00   2.30000000E+06   1.71723251E+01 
0 1150 4.43883108E-09   7.87581129E-08   1.93334735E-08   7.37302752E-09   8.37911607E-09   1.11493970E-09   7.98787525E-08   1.75925980E+01   -1.41827678E-02   3.53045501E-02   1.08724013E-01   1.76936932E+01   -2.21094340E-02   -1.81523710E-02   1.08025618E-01   1.76394577E+01   -1.79005358E-02   8.90866295E-03   1.08238593E-01   1.67656720E+00   2.30000000E+06   1.70603981E+01   1.67635620E+00   2.30000000E+06   1.71133595E+01   1.67609215E+00   2.30000000E+06   1.71702728E+01 
0 1160 4.33192815E-09   7.69961233E-08   1.88916847E-08   7.24417415E-09   8.11107714E-09   1.10889886E-09   7.87242342E-08   1.75926800E+01   -1.41755966E-02   3.53122838E-02   1.08725354E-01   1.76915722E+01   -2.26655863E-02   -1.83944628E-02   1.08040258E-01   1.76396027E+01   -1.78444125E-02   8.96201190E-03   1.08239338E-01   1.67656732E+00   2.30000000E+06   1.70603943E+01   1.67635620E+00   2.30000000E+06   1.71133595E+01   1.67610276E+00   2.30000000E+06   1.71681290E+01 
0 1170 4.23188906E-09   7.53135225E-08   1.84491924E-08   7.07135950E-09   7.87960808E-09   1.10282705E-09   7.76145299E-08   1.75927677E+01   -1.41712716E-02   3.53180543E-02   1.08726628E-01   1.76893616E+01   -2.32143365E-02   -1.86409857E-02   1.08055413E-01   1.76397285E+01   -1.78037789E-02   9.01131518E-03   1.08240135E-01   1.67656720E+00   2.30000000E+06   1.70603981E+01   1.67635632E+00   2.30000000E+06   1.71133461E+01   1.67611384E+00   2.30000000E+06   1.71658993E+01 
0 1180 4.14289802E-09   7.37032622E-08   1.80175199E-08   6.88194124E-09   7.66972086E-09   1.09672593E-09   7.65777628E-08   1.75928555E+01   -1.41689107E-02   3.53221111E-02   1.08727857E-01   1.76870708E+01   -2.37514284E-02   -1.88952330E-02   1.08071014E-01   1.76398430E+01   -1.77847929E-02   9.05608200E-03   1.08240977E-01   1.67656720E+00   2.30000000E+06   1.70604019E+01   1.67635643E+00   2.30000000E+06   1.71133213E+01   1.67612517E+00   2.30000000E+06   1.71635933E+01 
0 1190 4.06738199E-09   7.21568014E-08   1.76013391E-08   6.70965639E-09   7.46949080E-09   1.09059783E-09   7.55682734E-08   1.75929394E+01   -1.41673852E-02   3.53250690E-02   1.08729064E-01   1.76847153E+01   -2.42724158E-02   -1.91597622E-02   1.08086981E-01   1.76399460E+01   -1.77896395E-02   9.09512863E-03   1.08241834E-01   1.67656720E+00   2.30000000E+06   1.70604038E+01   1.67635655E+00   2.30000000E+06   1.71132870E+01   1.67613673E+00   2.30000000E+06   1.71612225E+01 
0 1200 4.00671007E-09   7.06724563E-08   1.71994330E-08   6.57872024E-09   7.28099403E-09   1.08444753E-09   7.45844844E-08   1.75930157E+01   -1.41656762E-02   3.53275910E-02   1.08730279E-01   1.76823063E+01   -2.47719306E-02   -1.94353666E-02   1.08103260E-01   1.76400452E+01   -1.78159811E-02   9.12639312E-03   1.08242698E-01   1.67656720E+00   2.30000000E+06   1.70603962E+01   1.67635667E+00   2.30000000E+06   1.71132507E+01   1.67614853E+00   2.30000000E+06   1.71587944E+01 
0 1210 3.96020505E-09   6.92487916E-08   1.68029626E-08   6.48696075E-09   7.11630443E-09   1.07827813E-09   7.36671311E-08   1.75930786E+01   -1.41630173E-02   3.53298895E-02   1.08731523E-01   1.76798515E+01   -2.52431501E-02   -1.97205208E-02   1.08119801E-01   1.76401501E+01   -1.78572107E-02   9.14727058E-03   1.08243532E-01   1.67656732E+00   2.30000000E+06   1.70603790E+01   1.67635679E+00   2.30000000E+06   1.71132202E+01   1.67616045E+00   2.30000000E+06   1.71563187E+01 
0 1220 3.92374044E-09   6.78878394E-08   1.64046572E-08   6.41235420E-09   6.98406089E-09   1.07209230E-09   7.28842622E-08   1.75931263E+01   -1.41588720E-02   3.53313908E-02   1.08732820E-01   1.76773529E+01   -2.56783217E-02   -2.00118050E-02   1.08136579E-01   1.76402664E+01   -1.79036558E-02   9.15575866E-03   1.08244292E-01   1.67656744E+00   2.30000000E+06   1.70603485E+01   1.67635691E+00   2.30000000E+06   1.71131992E+01   1.67617261E+00   2.30000000E+06   1.71537991E+01 
0 1230 3.88944876E-09   6.65904523E-08   1.60019979E-08   6.32565644E-09   6.87672008E-09   1.06589138E-09   7.23305575E-08   1.75931606E+01   -1.41532347E-02   3.53306457E-02   1.08734168E-01   1.76748104E+01   -2.60701664E-02   -2.03050803E-02   1.08153604E-01   1.76403961E+01   -1.79445297E-02   9.15159471E-03   1.08244970E-01   1.67656755E+00   2.30000000E+06   1.70603046E+01   1.67635691E+00   2.30000000E+06   1.71131973E+01   1.67618477E+00   2.30000000E+06   1.71512318E+01 
0 1240 3.84749832E-09   6.53555787E-08   1.55980775E-08   6.21104101E-09   6.76936107E-09   1.05967424E-09   7.18288149E-08   1.75931816E+01   -1.41464490E-02   3.53256613E-02   1.08735561E-01   1.76722240E+01   -2.64130346E-02   -2.05965787E-02   1.08170874E-01   1.76405430E+01   -1.79701280E-02   9.13705304E-03   1.08245544E-01   1.67656779E+00   2.30000000E+06   1.70602531E+01   1.67635691E+00   2.30000000E+06   1.71132126E+01   1.67619717E+00   2.30000000E+06   1.71486206E+01 
0 1250 3.78995546E-09   6.41835740E-08   1.52023514E-08   6.07222139E-09   6.63278099E-09   1.05344022E-09   7.12193398E-08   1.75931950E+01   -1.41391121E-02   3.53145748E-02   1.08736977E-01   1.76695900E+01   -2.67034154E-02   -2.08840445E-02   1.08188413E-01   1.76407013E+01   -1.79739520E-02   9.11698118E-03   1.08246043E-01   1.67656803E+00   2.30000000E+06   1.70601978E+01   1.67635679E+00   2.30000000E+06   1.71132450E+01   1.67620969E+00   2.30000000E+06   1.71459579E+01 
0 1260 3.71443853E-09   6.30715533E-08   1.48221835E-08   5.92637406E-09   6.45082476E-09   1.04718689E-09   7.04695893E-08   1.75932083E+01   -1.41319875E-02   3.52963954E-02   1.08738370E-01   1.76669064E+01   -2.69395504E-02   -2.11674776E-02   1.08206205E-01   1.76408653E+01   -1.79540813E-02   9.09790769E-03   1.08246490E-01   1.67656815E+00   2.30000000E+06   1.70601425E+01   1.67635655E+00   2.30000000E+06   1.71132870E+01   1.67622232E+00   2.30000000E+06   1.71432495E+01 
0 1270 3.62590424E-09   6.20084677E-08   1.44574672E-08   5.79023451E-09   6.23121155E-09   1.04091435E-09   6.95964246E-08   1.75932255E+01   -1.41258622E-02   3.52715701E-02   1.08739726E-01   1.76641808E+01   -2.71200649E-02   -2.14487389E-02   1.08224243E-01   1.76410217E+01   -1.79133825E-02   9.08645429E-03   1.08246952E-01   1.67656839E+00   2.30000000E+06   1.70600929E+01   1.67635632E+00   2.30000000E+06   1.71133308E+01   1.67623520E+00   2.30000000E+06   1.71404934E+01 
0 1280 3.53536733E-09   6.09815061E-08   1.41046304E-08   5.67084424E-09   6.00301808E-09   1.03462483E-09   6.86370996E-08   1.75932503E+01   -1.41214374E-02   3.52421664E-02   1.08741023E-01   1.76614151E+01   -2.72431504E-02   -2.17304416E-02   1.08242497E-01   1.76411591E+01   -1.78588014E-02   9.08747409E-03   1.08247489E-01   1.67656851E+00   2.30000000E+06   1.70600529E+01   1.67635620E+00   2.30000000E+06   1.71133614E+01   1.67624807E+00   2.30000000E+06   1.71376953E+01 
0 1290 3.45599949E-09   5.99820353E-08   1.37614906E-08   5.56217250E-09   5.80222004E-09   1.02831943E-09   6.76500349E-08   1.75932846E+01   -1.41192088E-02   3.52115296E-02   1.08742259E-01   1.76586189E+01   -2.73064226E-02   -2.20152512E-02   1.08260907E-01   1.76412678E+01   -1.77996401E-02   9.10259411E-03   1.08248152E-01   1.67656863E+00   2.30000000E+06   1.70600185E+01   1.67635620E+00   2.30000000E+06   1.71133728E+01   1.67626095E+00   2.30000000E+06   1.71348629E+01 
0 1300 3.39827078E-09   5.90000759E-08   1.34285614E-08   5.45131407E-09   5.65283376E-09   1.02199627E-09   6.66859279E-08   1.75933228E+01   -1.41193625E-02   3.51835266E-02   1.08743437E-01   1.76558037E+01   -2.73070559E-02   -2.23048665E-02   1.08279422E-01   1.76413422E+01   -1.77454073E-02   9.12960619E-03   1.08248964E-01   1.67656875E+00   2.30000000E+06   1.70599880E+01   1.67635632E+00   2.30000000E+06   1.71133556E+01   1.67627394E+00   2.30000000E+06   1.71320057E+01 
0 1310 3.36597505E-09   5.80298867E-08   1.31098643E-08   5.33105382E-09   5.55542190E-09   1.01565079E-09   6.57779040E-08   1.75933609E+01   -1.41217327E-02   3.51615474E-02   1.08744584E-01   1.76529789E+01   -2.72423346E-02   -2.25990824E-02   1.08297989E-01   1.76413822E+01   -1.77038461E-02   9.16295126E-03   1.08249933E-01   1.67656887E+00   2.30000000E+06   1.70599575E+01   1.67635643E+00   2.30000000E+06   1.71133118E+01   1.67628694E+00   2.30000000E+06   1.71291313E+01 
0 1320 3.35568218E-09   5.70708210E-08   1.28118067E-08   5.20833510E-09   5.49110801E-09   1.00928121E-09   6.49638778E-08   1.75933914E+01   -1.41257681E-02   3.51475663E-02   1.08745739E-01   1.76501541E+01   -2.71103308E-02   -2.28955615E-02   1.08316548E-01   1.76413956E+01   -1.76795255E-02   9.19522718E-03   1.08251020E-01   1.67656898E+00   2.30000000E+06   1.70599213E+01   1.67635679E+00   2.30000000E+06   1.71132431E+01   1.67629981E+00   2.30000000E+06   1.71262493E+01 
0 1330 3.35915784E-09   5.61298243E-08   1.25406014E-08   5.09474063E-09   5.43716583E-09   1.00288544E-09   6.42218794E-08   1.75934105E+01   -1.41306082E-02   3.51416878E-02   1.08746938E-01   1.76473389E+01   -2.69104503E-02   -2.31906213E-02   1.08335055E-01   1.76413918E+01   -1.76731311E-02   9.21921991E-03   1.08252183E-01   1.67656922E+00   2.30000000E+06   1.70598736E+01   1.67635715E+00   2.30000000E+06   1.71131611E+01   1.67631257E+00   2.30000000E+06   1.71233673E+01 
0 1340 3.36666806E-09   5.52159172E-08   1.22966268E-08   4.99444042E-09   5.37855627E-09   9.96467797E-10   6.34882795E-08   1.75934124E+01   -1.41352136E-02   3.51421013E-02   1.08748198E-01   1.76445332E+01   -2.66435761E-02   -2.34799888E-02   1.08353496E-01   1.76413841E+01   -1.76817495E-02   9.22982488E-03   1.08253345E-01   1.67656934E+00   2.30000000E+06   1.70598087E+01   1.67635751E+00   2.30000000E+06   1.71130714E+01   1.67632532E+00   2.30000000E+06   1.71204872E+01 
0 1350 3.36959816E-09   5.43314158E-08   1.20736230E-08   4.89664576E-09   5.30958610E-09   9.90034832E-10   6.27561079E-08   1.75933952E+01   -1.41385533E-02   3.51455919E-02   1.08749531E-01   1.76417408E+01   -2.63120718E-02   -2.37595718E-02   1.08371846E-01   1.76413803E+01   -1.76996291E-02   9.22534615E-03   1.08254477E-01   1.67656970E+00   2.30000000E+06   1.70597305E+01   1.67635787E+00   2.30000000E+06   1.71129856E+01   1.67633784E+00   2.30000000E+06   1.71176128E+01 
0 1360 3.36155459E-09   5.34809033E-08   1.18700960E-08   4.78460604E-09   5.22761789E-09   9.83597093E-10   6.20513418E-08   1.75933590E+01   -1.41398115E-02   3.51484008E-02   1.08750939E-01   1.76389599E+01   -2.59193890E-02   -2.40262002E-02   1.08390123E-01   1.76413879E+01   -1.77197233E-02   9.20788385E-03   1.08255528E-01   1.67657006E+00   2.30000000E+06   1.70596371E+01   1.67635822E+00   2.30000000E+06   1.71129112E+01   1.67635024E+00   2.30000000E+06   1.71147423E+01 
0 1370 3.33904526E-09   5.26622692E-08   1.16877468E-08   4.64863525E-09   5.12764808E-09   9.77161685E-10   6.14113347E-08   1.75933113E+01   -1.41385635E-02   3.51471379E-02   1.08752385E-01   1.76361904E+01   -2.54696328E-02   -2.42781248E-02   1.08408324E-01   1.76414089E+01   -1.77352522E-02   9.18252394E-03   1.08256511E-01   1.67657042E+00   2.30000000E+06   1.70595341E+01   1.67635846E+00   2.30000000E+06   1.71128483E+01   1.67636263E+00   2.30000000E+06   1.71118774E+01 
0 1380 3.30206373E-09   5.18693533E-08   1.15301830E-08   4.49795090E-09   5.00445108E-09   9.70729497E-10   6.08111890E-08   1.75932560E+01   -1.41348774E-02   3.51395272E-02   1.08753860E-01   1.76334324E+01   -2.49673668E-02   -2.45150495E-02   1.08426444E-01   1.76414356E+01   -1.77410506E-02   9.15588159E-03   1.08257443E-01   1.67657077E+00   2.30000000E+06   1.70594254E+01   1.67635870E+00   2.30000000E+06   1.71127949E+01   1.67637479E+00   2.30000000E+06   1.71090164E+01 
0 1390 3.25425686E-09   5.10947942E-08   1.14000738E-08   4.35615322E-09   4.85907270E-09   9.64299751E-10   6.02058847E-08   1.75931969E+01   -1.41293276E-02   3.51248346E-02   1.08755328E-01   1.76306839E+01   -2.44175661E-02   -2.47378107E-02   1.08444475E-01   1.76414623E+01   -1.77345313E-02   9.13417712E-03   1.08258367E-01   1.67657125E+00   2.30000000E+06   1.70593185E+01   1.67635894E+00   2.30000000E+06   1.71127434E+01   1.67638683E+00   2.30000000E+06   1.71061630E+01 
0 1400 3.20223070E-09   5.03283850E-08   1.12936469E-08   4.24800417E-09   4.70350781E-09   9.57870561E-10   5.95764611E-08   1.75931435E+01   -1.41228167E-02   3.51038761E-02   1.08756766E-01   1.76279526E+01   -2.38255132E-02   -2.49479376E-02   1.08462386E-01   1.76414776E+01   -1.77160054E-02   9.12158005E-03   1.08259335E-01   1.67657161E+00   2.30000000E+06   1.70592136E+01   1.67635918E+00   2.30000000E+06   1.71126900E+01   1.67639875E+00   2.30000000E+06   1.71033211E+01 
0 1410 3.15357296E-09   4.95613506E-08   1.12024043E-08   4.18432577E-09   4.55789362E-09   9.51443702E-10   5.88946314E-08   1.75930939E+01   -1.41163664E-02   3.50786746E-02   1.08758152E-01   1.76252460E+01   -2.31968574E-02   -2.51471493E-02   1.08480141E-01   1.76414757E+01   -1.76883340E-02   9.11922567E-03   1.08260378E-01   1.67657197E+00   2.30000000E+06   1.70591164E+01   1.67635942E+00   2.30000000E+06   1.71126232E+01   1.67641056E+00   2.30000000E+06   1.71004963E+01 
0 1420 3.11401083E-09   4.87871326E-08   1.11167546E-08   4.15715018E-09   4.43952475E-09   9.45020617E-10   5.81562531E-08   1.75930519E+01   -1.41108846E-02   3.50518301E-02   1.08759485E-01   1.76225700E+01   -2.25374810E-02   -2.53366977E-02   1.08497687E-01   1.76414528E+01   -1.76560991E-02   9.12518147E-03   1.08261533E-01   1.67657220E+00   2.30000000E+06   1.70590267E+01   1.67635977E+00   2.30000000E+06   1.71125393E+01   1.67642212E+00   2.30000000E+06   1.70976944E+01 
0 1430 3.08528536E-09   4.80027182E-08   1.10298366E-08   4.15032098E-09   4.35193703E-09   9.38597977E-10   5.73991485E-08   1.75930157E+01   -1.41069489E-02   3.50259207E-02   1.08760774E-01   1.76199341E+01   -2.18533669E-02   -2.55169515E-02   1.08514979E-01   1.76414070E+01   -1.76244136E-02   9.13527608E-03   1.08262777E-01   1.67657256E+00   2.30000000E+06   1.70589428E+01   1.67636025E+00   2.30000000E+06   1.71124401E+01   1.67643344E+00   2.30000000E+06   1.70949249E+01 
0 1440 3.06501335E-09   4.72086903E-08   1.09385887E-08   4.15373203E-09   4.28356772E-09   9.32176891E-10   5.66299185E-08   1.75929832E+01   -1.41047100E-02   3.50029506E-02   1.08762033E-01   1.76173420E+01   -2.11506281E-02   -2.56875213E-02   1.08531989E-01   1.76413460E+01   -1.75977293E-02   9.14450269E-03   1.08264096E-01   1.67657292E+00   2.30000000E+06   1.70588608E+01   1.67636073E+00   2.30000000E+06   1.71123276E+01   1.67644453E+00   2.30000000E+06   1.70921936E+01 
0 1450 3.04847747E-09   4.64100580E-08   1.08419531E-08   4.16543511E-09   4.21678159E-09   9.25761690E-10   5.58790667E-08   1.75929508E+01   -1.41039034E-02   3.49840410E-02   1.08763270E-01   1.76148014E+01   -2.04354562E-02   -2.58474108E-02   1.08548686E-01   1.76412754E+01   -1.75789073E-02   9.14856698E-03   1.08265437E-01   1.67657316E+00   2.30000000E+06   1.70587788E+01   1.67636120E+00   2.30000000E+06   1.71122074E+01   1.67645538E+00   2.30000000E+06   1.70895061E+01 
0 1460 3.03110737E-09   4.56120262E-08   1.07365654E-08   4.18518153E-09   4.13926227E-09   9.19361032E-10   5.51542207E-08   1.75929165E+01   -1.41039463E-02   3.49693820E-02   1.08764514E-01   1.76123123E+01   -1.97139867E-02   -2.59951334E-02   1.08565047E-01   1.76412048E+01   -1.75687373E-02   9.14510898E-03   1.08266771E-01   1.67657351E+00   2.30000000E+06   1.70586948E+01   1.67636168E+00   2.30000000E+06   1.71120853E+01   1.67646599E+00   2.30000000E+06   1.70868645E+01 
0 1470 3.00997982E-09   4.48176642E-08   1.06173692E-08   4.20705160E-09   4.04889988E-09   9.12989850E-10   5.44498313E-08   1.75928764E+01   -1.41041307E-02   3.49584036E-02   1.08765759E-01   1.76098785E+01   -1.89922489E-02   -2.61289701E-02   1.08581074E-01   1.76411400E+01   -1.75659955E-02   9.13428515E-03   1.08268060E-01   1.67657375E+00   2.30000000E+06   1.70586052E+01   1.67636216E+00   2.30000000E+06   1.71119671E+01   1.67647624E+00   2.30000000E+06   1.70842705E+01 
0 1480 2.98401437E-09   4.40272565E-08   1.04797122E-08   4.21967838E-09   3.95065136E-09   9.06663522E-10   5.37724389E-08   1.75928307E+01   -1.41037898E-02   3.49500589E-02   1.08767018E-01   1.76075001E+01   -1.82762239E-02   -2.62473766E-02   1.08596757E-01   1.76410847E+01   -1.75679885E-02   9.11858026E-03   1.08269297E-01   1.67657411E+00   2.30000000E+06   1.70585136E+01   1.67636263E+00   2.30000000E+06   1.71118584E+01   1.67648625E+00   2.30000000E+06   1.70817280E+01 
0 1490 2.95350278E-09   4.32406679E-08   1.03218962E-08   4.21401491E-09   3.85032228E-09   9.00388097E-10   5.31275681E-08   1.75927792E+01   -1.41024422E-02   3.49431671E-02   1.08768292E-01   1.76051750E+01   -1.75721738E-02   -2.63492260E-02   1.08612098E-01   1.76410351E+01   -1.75714474E-02   9.10196453E-03   1.08270474E-01   1.67657447E+00   2.30000000E+06   1.70584164E+01   1.67636311E+00   2.30000000E+06   1.71117592E+01   1.67649603E+00   2.30000000E+06   1.70792332E+01 
0 1500 2.91956748E-09   4.24563815E-08   1.01455226E-08   4.19077528E-09   3.75017750E-09   8.94160967E-10   5.25247188E-08   1.75927258E+01   -1.40998866E-02   3.49366963E-02   1.08769573E-01   1.76029053E+01   -1.68865155E-02   -2.64341403E-02   1.08627096E-01   1.76409931E+01   -1.75734702E-02   9.08866525E-03   1.08271621E-01   1.67657483E+00   2.30000000E+06   1.70583172E+01   1.67636347E+00   2.30000000E+06   1.71116657E+01   1.67650557E+00   2.30000000E+06   1.70767918E+01 
0 1510 2.88381186E-09   4.16719779E-08   9.95356508E-09   4.16121582E-09   3.65012554E-09   8.87980800E-10   5.19729006E-08   1.75926685E+01   -1.40961995E-02   3.49299572E-02   1.08770847E-01   1.76006908E+01   -1.62255354E-02   -2.65027191E-02   1.08641736E-01   1.76409473E+01   -1.75722465E-02   9.08195786E-03   1.08272761E-01   1.67657518E+00   2.30000000E+06   1.70582180E+01   1.67636395E+00   2.30000000E+06   1.71115742E+01   1.67651474E+00   2.30000000E+06   1.70744019E+01 
0 1520 2.84828494E-09   4.08852792E-08   9.74917747E-09   4.14022505E-09   3.55094665E-09   8.81853035E-10   5.14602334E-08   1.75926113E+01   -1.40916836E-02   3.49226445E-02   1.08772114E-01   1.75985355E+01   -1.55952051E-02   -2.65557133E-02   1.08656012E-01   1.76408997E+01   -1.75674353E-02   9.08330642E-03   1.08273923E-01   1.67657554E+00   2.30000000E+06   1.70581188E+01   1.67636430E+00   2.30000000E+06   1.71114826E+01   1.67652369E+00   2.30000000E+06   1.70720654E+01 
0 1530 2.81513213E-09   4.00943527E-08   9.53434753E-09   4.13775370E-09   3.45637718E-09   8.75784611E-10   5.09672908E-08   1.75925560E+01   -1.40867662E-02   3.49148102E-02   1.08773358E-01   1.75964375E+01   -1.50010148E-02   -2.65940633E-02   1.08669914E-01   1.76408405E+01   -1.75600871E-02   9.09206830E-03   1.08275115E-01   1.67657590E+00   2.30000000E+06   1.70580235E+01   1.67636466E+00   2.30000000E+06   1.71113873E+01   1.67653227E+00   2.30000000E+06   1.70697861E+01 
0 1540 2.78598566E-09   3.92976993E-08   9.31022015E-09   4.15477341E-09   3.37111161E-09   8.69783745E-10   5.04758759E-08   1.75925026E+01   -1.40818870E-02   3.49067561E-02   1.08774565E-01   1.75944023E+01   -1.44477086E-02   -2.66185682E-02   1.08683430E-01   1.76407738E+01   -1.75521653E-02   9.10580810E-03   1.08276352E-01   1.67657626E+00   2.30000000E+06   1.70579319E+01   1.67636514E+00   2.30000000E+06   1.71112862E+01   1.67654061E+00   2.30000000E+06   1.70675659E+01 
0 1550 2.76147660E-09   3.84961965E-08   9.07815156E-09   4.18471835E-09   3.29783467E-09   8.63852601E-10   4.99653581E-08   1.75924568E+01   -1.40773924E-02   3.48989181E-02   1.08775742E-01   1.75924301E+01   -1.39390556E-02   -2.66299266E-02   1.08696543E-01   1.76407013E+01   -1.75458286E-02   9.12108272E-03   1.08277604E-01   1.67657661E+00   2.30000000E+06   1.70578461E+01   1.67636561E+00   2.30000000E+06   1.71111813E+01   1.67654872E+00   2.30000000E+06   1.70654068E+01 
0 1560 2.74112355E-09   3.76914535E-08   8.83930085E-09   4.21698187E-09   3.23585336E-09   8.57993510E-10   4.94246528E-08   1.75924149E+01   -1.40734687E-02   3.48917693E-02   1.08776875E-01   1.75905228E+01   -1.34776002E-02   -2.66288538E-02   1.08709246E-01   1.76406250E+01   -1.75427515E-02   9.13445838E-03   1.08278848E-01   1.67657685E+00   2.30000000E+06   1.70577679E+01   1.67636609E+00   2.30000000E+06   1.71110744E+01   1.67655647E+00   2.30000000E+06   1.70633125E+01 
0 1570 2.72358647E-09   3.68855488E-08   8.59463167E-09   4.24048796E-09   3.18215432E-09   8.52203141E-10   4.88540728E-08   1.75923786E+01   -1.40701141E-02   3.48857157E-02   1.08777963E-01   1.75886822E+01   -1.30648576E-02   -2.66157538E-02   1.08721539E-01   1.76405544E+01   -1.75436456E-02   9.14347451E-03   1.08280063E-01   1.67657709E+00   2.30000000E+06   1.70576954E+01   1.67636645E+00   2.30000000E+06   1.71109734E+01   1.67656398E+00   2.30000000E+06   1.70612812E+01 
0 1580 2.70702838E-09   3.60814738E-08   8.34415026E-09   4.24591651E-09   3.13323367E-09   8.46486437E-10   4.82625921E-08   1.75923481E+01   -1.40671711E-02   3.48810479E-02   1.08779013E-01   1.75869083E+01   -1.27019063E-02   -2.65905187E-02   1.08733416E-01   1.76404896E+01   -1.75481327E-02   9.14725196E-03   1.08281218E-01   1.67657733E+00   2.30000000E+06   1.70576267E+01   1.67636693E+00   2.30000000E+06   1.71108780E+01   1.67657125E+00   2.30000000E+06   1.70593166E+01 
0 1590 2.68940026E-09   3.52822553E-08   8.08793299E-09   4.22553859E-09   3.08595949E-09   8.40849390E-10   4.76611035E-08   1.75923214E+01   -1.40643688E-02   3.48778926E-02   1.08780026E-01   1.75852013E+01   -1.23894829E-02   -2.65529156E-02   1.08744875E-01   1.76404362E+01   -1.75549723E-02   9.14660562E-03   1.08282298E-01   1.67657757E+00   2.30000000E+06   1.70575638E+01   1.67636728E+00   2.30000000E+06   1.71107941E+01   1.67657816E+00   2.30000000E+06   1.70574207E+01 
0 1600 2.66872346E-09   3.44906503E-08   7.82773579E-09   4.17553681E-09   3.03737568E-09   8.35296943E-10   4.70573696E-08   1.75922966E+01   -1.40613979E-02   3.48761827E-02   1.08781010E-01   1.75835609E+01   -1.21277701E-02   -2.65029836E-02   1.08755916E-01   1.76403923E+01   -1.75625198E-02   9.14367661E-03   1.08283311E-01   1.67657781E+00   2.30000000E+06   1.70575047E+01   1.67636752E+00   2.30000000E+06   1.71107178E+01   1.67658472E+00   2.30000000E+06   1.70555916E+01 
0 1610 2.64332400E-09   3.37081758E-08   7.56776242E-09   4.09756007E-09   2.98418090E-09   8.29828706E-10   4.64567798E-08   1.75922756E+01   -1.40579855E-02   3.48756649E-02   1.08781964E-01   1.75819893E+01   -1.19164940E-02   -2.64409892E-02   1.08766526E-01   1.76403580E+01   -1.75692905E-02   9.14118905E-03   1.08284272E-01   1.67657804E+00   2.30000000E+06   1.70574455E+01   1.67636788E+00   2.30000000E+06   1.71106510E+01   1.67659104E+00   2.30000000E+06   1.70538292E+01 
0 1620 2.61210520E-09   3.29362884E-08   7.31363814E-09   3.99907973E-09   2.92355518E-09   8.24441293E-10   4.58564813E-08   1.75922546E+01   -1.40539389E-02   3.48759145E-02   1.08782902E-01   1.75804844E+01   -1.17549943E-02   -2.63672639E-02   1.08776733E-01   1.76403255E+01   -1.75744388E-02   9.14159231E-03   1.08285196E-01   1.67657816E+00   2.30000000E+06   1.70573902E+01   1.67636812E+00   2.30000000E+06   1.71105881E+01   1.67659712E+00   2.30000000E+06   1.70521355E+01 
0 1630 2.57475885E-09   3.21751372E-08   7.07131864E-09   3.89096400E-09   2.85396973E-09   8.19131374E-10   4.52555433E-08   1.75922337E+01   -1.40492050E-02   3.48763578E-02   1.08783819E-01   1.75790443E+01   -1.16421720E-02   -2.62823869E-02   1.08786516E-01   1.76402950E+01   -1.75779723E-02   9.14633181E-03   1.08286113E-01   1.67657840E+00   2.30000000E+06   1.70573349E+01   1.67636836E+00   2.30000000E+06   1.71105289E+01   1.67660296E+00   2.30000000E+06   1.70505085E+01 
0 1640 2.53193444E-09   3.14244488E-08   6.84575108E-09   3.78477427E-09   2.77617884E-09   8.13895840E-10   4.46597141E-08   1.75922127E+01   -1.40438713E-02   3.48763764E-02   1.08784728E-01   1.75776672E+01   -1.15764663E-02   -2.61876769E-02   1.08795904E-01   1.76402607E+01   -1.75806489E-02   9.15543362E-03   1.08287029E-01   1.67657864E+00   2.30000000E+06   1.70572815E+01   1.67636859E+00   2.30000000E+06   1.71104679E+01   1.67660844E+00   2.30000000E+06   1.70489483E+01 
0 1650 2.48513943E-09   3.06841628E-08   6.64047439E-09   3.68959019E-09   2.69315392E-09   8.08734302E-10   4.40763444E-08   1.75921955E+01   -1.40381213E-02   3.48753892E-02   1.08785607E-01   1.75763531E+01   -1.15556633E-02   -2.60844752E-02   1.08804896E-01   1.76402245E+01   -1.75836720E-02   9.16754268E-03   1.08287960E-01   1.67657876E+00   2.30000000E+06   1.70572281E+01   1.67636895E+00   2.30000000E+06   1.71104050E+01   1.67661369E+00   2.30000000E+06   1.70474529E+01 
0 1660 2.43645193E-09   2.99537248E-08   6.45715126E-09   3.60987285E-09   2.60943134E-09   8.03641986E-10   4.35092851E-08   1.75921783E+01   -1.40322158E-02   3.48729901E-02   1.08786471E-01   1.75750980E+01   -1.15770781E-02   -2.59740986E-02   1.08813502E-01   1.76401844E+01   -1.75882205E-02   9.18036513E-03   1.08288892E-01   1.67657900E+00   2.30000000E+06   1.70571804E+01   1.67636919E+00   2.30000000E+06   1.71103420E+01   1.67661870E+00   2.30000000E+06   1.70460224E+01 
0 1670 2.38824693E-09   2.92325844E-08   6.29534647E-09   3.54553631E-09   2.53054822E-09   7.98618838E-10   4.29586002E-08   1.75921669E+01   -1.40264370E-02   3.48690078E-02   1.08787298E-01   1.75739040E+01   -1.16376402E-02   -2.58581173E-02   1.08821720E-01   1.76401443E+01   -1.75950099E-02   9.19139106E-03   1.08289808E-01   1.67657912E+00   2.30000000E+06   1.70571346E+01   1.67636943E+00   2.30000000E+06   1.71102791E+01   1.67662346E+00   2.30000000E+06   1.70446529E+01 
0 1680 2.34271536E-09   2.85206312E-08   6.15285956E-09   3.49246099E-09   2.46203924E-09   7.93671184E-10   4.24237356E-08   1.75921612E+01   -1.40210232E-02   3.48635949E-02   1.08788095E-01   1.75727692E+01   -1.17337219E-02   -2.57379711E-02   1.08829565E-01   1.76401100E+01   -1.76040363E-02   9.19865817E-03   1.08290695E-01   1.67657924E+00   2.30000000E+06   1.70570946E+01   1.67636967E+00   2.30000000E+06   1.71102200E+01   1.67662799E+00   2.30000000E+06   1.70433483E+01 
0 1690 2.30124231E-09   2.78178600E-08   6.02561867E-09   3.44323547E-09   2.40744380E-09   7.88807686E-10   4.19018207E-08   1.75921593E+01   -1.40161393E-02   3.48571762E-02   1.08788840E-01   1.75716915E+01   -1.18611278E-02   -2.56148558E-02   1.08837038E-01   1.76400814E+01   -1.76145490E-02   9.20133572E-03   1.08291522E-01   1.67657948E+00   2.30000000E+06   1.70570602E+01   1.67636991E+00   2.30000000E+06   1.71101685E+01   1.67663229E+00   2.30000000E+06   1.70421028E+01 
0 1700 2.26405805E-09   2.71252922E-08   5.90946359E-09   3.38932882E-09   2.36647657E-09   7.84030396E-10   4.13889332E-08   1.75921650E+01   -1.40118562E-02   3.48503925E-02   1.08789556E-01   1.75706730E+01   -1.20154424E-02   -2.54898258E-02   1.08844146E-01   1.76400642E+01   -1.76252536E-02   9.19995178E-03   1.08292289E-01   1.67657948E+00   2.30000000E+06   1.70570316E+01   1.67637002E+00   2.30000000E+06   1.71101265E+01   1.67663646E+00   2.30000000E+06   1.70409203E+01 
0 1710 2.23019714E-09   2.64443454E-08   5.80172088E-09   3.32442007E-09   2.33430852E-09   7.79337095E-10   4.08809626E-08   1.75921745E+01   -1.40081402E-02   3.48439664E-02   1.08790226E-01   1.75697098E+01   -1.21924039E-02   -2.53638048E-02   1.08850889E-01   1.76400585E+01   -1.76347103E-02   9.19622928E-03   1.08292982E-01   1.67657959E+00   2.30000000E+06   1.70570087E+01   1.67637026E+00   2.30000000E+06   1.71100941E+01   1.67664027E+00   2.30000000E+06   1.70397968E+01 
0 1720 2.19788387E-09   2.57768775E-08   5.70095926E-09   3.24644600E-09   2.30362796E-09   7.74723063E-10   4.03755429E-08   1.75921898E+01   -1.40048796E-02   3.48385498E-02   1.08790860E-01   1.75688038E+01   -1.23878969E-02   -2.52375323E-02   1.08857282E-01   1.76400604E+01   -1.76417455E-02   9.19256080E-03   1.08293623E-01   1.67657971E+00   2.30000000E+06   1.70569878E+01   1.67637026E+00   2.30000000E+06   1.71100712E+01   1.67664385E+00   2.30000000E+06   1.70387344E+01 
0 1730 2.16513740E-09   2.51250896E-08   5.60641444E-09   3.15748783E-09   2.26783836E-09   7.70181863E-10   3.98723188E-08   1.75922070E+01   -1.40019208E-02   3.48345898E-02   1.08791471E-01   1.75679531E+01   -1.25979818E-02   -2.51114964E-02   1.08863316E-01   1.76400681E+01   -1.76458284E-02   9.19128768E-03   1.08294226E-01   1.67657971E+00   2.30000000E+06   1.70569706E+01   1.67637038E+00   2.30000000E+06   1.71100521E+01   1.67664731E+00   2.30000000E+06   1.70377312E+01 
0 1740 2.13044449E-09   2.44906815E-08   5.51683543E-09   3.06174641E-09   2.22410290E-09   7.65708275E-10   3.93728499E-08   1.75922260E+01   -1.39990980E-02   3.48322168E-02   1.08792059E-01   1.75671558E+01   -1.28189884E-02   -2.49860622E-02   1.08869016E-01   1.76400757E+01   -1.76472124E-02   9.19401180E-03   1.08294815E-01   1.67657983E+00   2.30000000E+06   1.70569534E+01   1.67637050E+00   2.30000000E+06   1.71100368E+01   1.67665052E+00   2.30000000E+06   1.70367832E+01 
0 1750 2.09312345E-09   2.38742981E-08   5.43034195E-09   2.96330427E-09   2.17395990E-09   7.61296026E-10   3.88792714E-08   1.75922470E+01   -1.39962751E-02   3.48312333E-02   1.08792640E-01   1.75664120E+01   -1.30474223E-02   -2.48616077E-02   1.08874381E-01   1.76400795E+01   -1.76468454E-02   9.20113642E-03   1.08295403E-01   1.67657983E+00   2.30000000E+06   1.70569382E+01   1.67637050E+00   2.30000000E+06   1.71100197E+01   1.67665350E+00   2.30000000E+06   1.70358925E+01 
0 1760 2.05328776E-09   2.32759252E-08   5.34477929E-09   2.86378077E-09   2.12145301E-09   7.56945395E-10   3.83935230E-08   1.75922661E+01   -1.39933573E-02   3.48311625E-02   1.08793207E-01   1.75657177E+01   -1.32798832E-02   -2.47384794E-02   1.08879432E-01   1.76400814E+01   -1.76461209E-02   9.21176467E-03   1.08296007E-01   1.67657995E+00   2.30000000E+06   1.70569229E+01   1.67637062E+00   2.30000000E+06   1.71100006E+01   1.67665637E+00   2.30000000E+06   1.70350571E+01 
0 1770 2.01153849E-09   2.26956534E-08   5.25905852E-09   2.76358381E-09   2.07010675E-09   7.52658380E-10   3.79170331E-08   1.75922852E+01   -1.39903110E-02   3.48313600E-02   1.08793765E-01   1.75650711E+01   -1.35131609E-02   -2.46169660E-02   1.08884171E-01   1.76400776E+01   -1.76464934E-02   9.22397897E-03   1.08296618E-01   1.67657995E+00   2.30000000E+06   1.70569057E+01   1.67637074E+00   2.30000000E+06   1.71099777E+01   1.67665899E+00   2.30000000E+06   1.70342731E+01 
0 1780 1.96862704E-09   2.21336194E-08   5.17307885E-09   2.66335465E-09   2.02172190E-09   7.48434426E-10   3.74512936E-08   1.75923042E+01   -1.39871575E-02   3.48311737E-02   1.08794309E-01   1.75644722E+01   -1.37443356E-02   -2.44973525E-02   1.08888611E-01   1.76400700E+01   -1.76490806E-02   9.23539512E-03   1.08297244E-01   1.67658007E+00   2.30000000E+06   1.70568905E+01   1.67637086E+00   2.30000000E+06   1.71099529E+01   1.67666149E+00   2.30000000E+06   1.70335388E+01 
0 1790 1.92519356E-09   2.15901377E-08   5.08658005E-09   2.56449129E-09   1.97640659E-09   7.44277362E-10   3.69974522E-08   1.75923233E+01   -1.39839621E-02   3.48300934E-02   1.08794846E-01   1.75639172E+01   -1.39708109E-02   -2.43800133E-02   1.08892769E-01   1.76400642E+01   -1.76543649E-02   9.24383383E-03   1.08297847E-01   1.67658007E+00   2.30000000E+06   1.70568752E+01   1.67637098E+00   2.30000000E+06   1.71099262E+01   1.67666376E+00   2.30000000E+06   1.70328522E+01 
0 1800 1.88170279E-09   2.10653557E-08   4.99900432E-09   2.46886467E-09   1.93403382E-09   7.40193351E-10   3.65557860E-08   1.75923443E+01   -1.39808236E-02   3.48278396E-02   1.08795360E-01   1.75634041E+01   -1.41903022E-02   -2.42653936E-02   1.08896658E-01   1.76400604E+01   -1.76620707E-02   9.24790185E-03   1.08298428E-01   1.67658019E+00   2.30000000E+06   1.70568619E+01   1.67637098E+00   2.30000000E+06   1.71099033E+01   1.67666590E+00   2.30000000E+06   1.70322113E+01 
0 1810 1.83831006E-09   2.05588648E-08   4.90905538E-09   2.37681208E-09   1.89468685E-09   7.36181338E-10   3.61260213E-08   1.75923672E+01   -1.39778024E-02   3.48243862E-02   1.08795851E-01   1.75629330E+01   -1.44007867E-02   -2.41538901E-02   1.08900286E-01   1.76400623E+01   -1.76712442E-02   9.24732164E-03   1.08298972E-01   1.67658019E+00   2.30000000E+06   1.70568523E+01   1.67637110E+00   2.30000000E+06   1.71098843E+01   1.67666781E+00   2.30000000E+06   1.70316143E+01 
0 1820 1.79476400E-09   2.00700541E-08   4.81568696E-09   2.28670416E-09   1.85761961E-09   7.32240157E-10   3.57075969E-08   1.75923920E+01   -1.39749618E-02   3.48199420E-02   1.08796328E-01   1.75624981E+01   -1.46003934E-02   -2.40458064E-02   1.08903669E-01   1.76400719E+01   -1.76805053E-02   9.24293790E-03   1.08299464E-01   1.67658019E+00   2.30000000E+06   1.70568428E+01   1.67637122E+00   2.30000000E+06   1.71098728E+01   1.67666972E+00   2.30000000E+06   1.70310593E+01 
0 1830 1.75052184E-09   1.95982910E-08   4.71918105E-09   2.19737784E-09   1.82070947E-09   7.28367811E-10   3.52997169E-08   1.75924187E+01   -1.39723606E-02   3.48148756E-02   1.08796775E-01   1.75621014E+01   -1.47874458E-02   -2.39414498E-02   1.08906813E-01   1.76400852E+01   -1.76883899E-02   9.23640467E-03   1.08299918E-01   1.67658019E+00   2.30000000E+06   1.70568352E+01   1.67637122E+00   2.30000000E+06   1.71098652E+01   1.67667139E+00   2.30000000E+06   1.70305443E+01 
0 1840 1.70496239E-09   1.91431955E-08   4.62086591E-09   2.10936868E-09   1.78094861E-09   7.24561522E-10   3.49020119E-08   1.75924473E+01   -1.39700165E-02   3.48095819E-02   1.08797207E-01   1.75617390E+01   -1.49605433E-02   -2.38411352E-02   1.08909734E-01   1.76401043E+01   -1.76937077E-02   9.22966655E-03   1.08300343E-01   1.67658031E+00   2.30000000E+06   1.70568295E+01   1.67637122E+00   2.30000000E+06   1.71098614E+01   1.67667294E+00   2.30000000E+06   1.70300674E+01 
0 1850 1.65773728E-09   1.87048315E-08   4.52207560E-09   2.02511896E-09   1.73616854E-09   7.20817184E-10   3.45144286E-08   1.75924778E+01   -1.39679071E-02   3.48043814E-02   1.08797632E-01   1.75614090E+01   -1.51186446E-02   -2.37451475E-02   1.08912438E-01   1.76401253E+01   -1.76958274E-02   9.22439061E-03   1.08300745E-01   1.67658031E+00   2.30000000E+06   1.70568237E+01   1.67637122E+00   2.30000000E+06   1.71098595E+01   1.67667449E+00   2.30000000E+06   1.70296288E+01 
0 1860 1.60907809E-09   1.82831688E-08   4.42356285E-09   1.94696459E-09   1.68691738E-09   7.17132520E-10   3.41370168E-08   1.75925064E+01   -1.39659783E-02   3.47994193E-02   1.08798034E-01   1.75611134E+01   -1.52611881E-02   -2.36537512E-02   1.08914934E-01   1.76401443E+01   -1.76948030E-02   9.22152214E-03   1.08301155E-01   1.67658031E+00   2.30000000E+06   1.70568199E+01   1.67637122E+00   2.30000000E+06   1.71098576E+01   1.67667580E+00   2.30000000E+06   1.70292225E+01 
0 1870 1.55977609E-09   1.78780581E-08   4.32524550E-09   1.87506233E-09   1.63623193E-09   7.13504311E-10   3.37699966E-08   1.75925350E+01   -1.39641576E-02   3.47946472E-02   1.08798444E-01   1.75608444E+01   -1.53879784E-02   -2.35671978E-02   1.08917236E-01   1.76401596E+01   -1.76913291E-02   9.22108442E-03   1.08301580E-01   1.67658031E+00   2.30000000E+06   1.70568142E+01   1.67637122E+00   2.30000000E+06   1.71098518E+01   1.67667699E+00   2.30000000E+06   1.70288486E+01 
0 1880 1.51084523E-09   1.74886825E-08   4.22649737E-09   1.80683368E-09   1.58795554E-09   7.09933889E-10   3.34121140E-08   1.75925636E+01   -1.39623722E-02   3.47898602E-02   1.08798847E-01   1.75606060E+01   -1.54990554E-02   -2.34856810E-02   1.08919352E-01   1.76401691E+01   -1.76865365E-02   9.22224205E-03   1.08302012E-01   1.67658031E+00   2.30000000E+06   1.70568066E+01   1.67637134E+00   2.30000000E+06   1.71098423E+01   1.67667818E+00   2.30000000E+06   1.70285072E+01 
0 1890 1.46318513E-09   1.71150898E-08   4.12740420E-09   1.73938375E-09   1.54449598E-09   7.06419867E-10   3.30622925E-08   1.75925903E+01   -1.39605654E-02   3.47847529E-02   1.08799241E-01   1.75603943E+01   -1.55947180E-02   -2.34093592E-02   1.08921297E-01   1.76401730E+01   -1.76816899E-02   9.22361761E-03   1.08302474E-01   1.67658031E+00   2.30000000E+06   1.70567989E+01   1.67637134E+00   2.30000000E+06   1.71098289E+01   1.67667913E+00   2.30000000E+06   1.70281963E+01 
0 1900 1.41741585E-09   1.67569265E-08   4.02892342E-09   1.67154590E-09   1.50612567E-09   7.02962411E-10   3.27197966E-08   1.75926151E+01   -1.39587084E-02   3.47790420E-02   1.08799636E-01   1.75602074E+01   -1.56754684E-02   -2.33383253E-02   1.08923078E-01   1.76401749E+01   -1.76778734E-02   9.22373775E-03   1.08302936E-01   1.67658043E+00   2.30000000E+06   1.70567894E+01   1.67637146E+00   2.30000000E+06   1.71098118E+01   1.67668009E+00   2.30000000E+06   1.70279121E+01 
0 1910 1.37371103E-09   1.64138463E-08   3.93182242E-09   1.60442004E-09   1.47183310E-09   6.99561964E-10   3.23840723E-08   1.75926399E+01   -1.39568141E-02   3.47725339E-02   1.08800031E-01   1.75600433E+01   -1.57418195E-02   -2.32725386E-02   1.08924709E-01   1.76401749E+01   -1.76757313E-02   9.22145881E-03   1.08303398E-01   1.67658043E+00   2.30000000E+06   1.70567799E+01   1.67637146E+00   2.30000000E+06   1.71097927E+01   1.67668092E+00   2.30000000E+06   1.70276527E+01 
0 1920 1.33193978E-09   1.60853038E-08   3.83646137E-09   1.54009894E-09   1.44064849E-09   6.96218805E-10   3.20500817E-08   1.75926628E+01   -1.39549337E-02   3.47652026E-02   1.08800419E-01   1.75599003E+01   -1.57943442E-02   -2.32118666E-02   1.08926199E-01   1.76401749E+01   -1.76753178E-02   9.21627134E-03   1.08303852E-01   1.67658043E+00   2.30000000E+06   1.70567703E+01   1.67637157E+00   2.30000000E+06   1.71097755E+01   1.67668176E+00   2.30000000E+06   1.70274181E+01 
0 1930 1.29176603E-09   1.57703912E-08   3.74303388E-09   1.47999202E-09   1.41213641E-09   6.92934099E-10   3.17190469E-08   1.75926876E+01   -1.39531437E-02   3.47572044E-02   1.08800799E-01   1.75597782E+01   -1.58337243E-02   -2.31561977E-02   1.08927555E-01   1.76401787E+01   -1.76761262E-02   9.20842029E-03   1.08304285E-01   1.67658055E+00   2.30000000E+06   1.70567608E+01   1.67637169E+00   2.30000000E+06   1.71097565E+01   1.67668235E+00   2.30000000E+06   1.70272064E+01 
0 1940 1.25274802E-09   1.54680713E-08   3.65162345E-09   1.42379708E-09   1.38568801E-09   6.89708790E-10   3.13931494E-08   1.75927124E+01   -1.39515391E-02   3.47488374E-02   1.08801171E-01   1.75596733E+01   -1.58606209E-02   -2.31053922E-02   1.08928800E-01   1.76401844E+01   -1.76772531E-02   9.19879787E-03   1.08304694E-01   1.67658055E+00   2.30000000E+06   1.70567513E+01   1.67637169E+00   2.30000000E+06   1.71097412E+01   1.67668307E+00   2.30000000E+06   1.70270157E+01 
0 1950 1.21446186E-09   1.51774717E-08   3.56292795E-09   1.37115963E-09   1.35991929E-09   6.86542323E-10   3.10721049E-08   1.75927353E+01   -1.39501989E-02   3.47404927E-02   1.08801536E-01   1.75595837E+01   -1.58757549E-02   -2.30592843E-02   1.08929925E-01   1.76401920E+01   -1.76776536E-02   9.18866601E-03   1.08305089E-01   1.67658055E+00   2.30000000E+06   1.70567417E+01   1.67637181E+00   2.30000000E+06   1.71097279E+01   1.67668355E+00   2.30000000E+06   1.70268421E+01 
0 1960 1.17668741E-09   1.48978323E-08   3.47799411E-09   1.32279709E-09   1.33299871E-09   6.83433921E-10   3.07557428E-08   1.75927601E+01   -1.39491679E-02   3.47325429E-02   1.08801894E-01   1.75595112E+01   -1.58800408E-02   -2.30177008E-02   1.08930953E-01   1.76401997E+01   -1.76764298E-02   9.17929132E-03   1.08305477E-01   1.67658055E+00   2.30000000E+06   1.70567322E+01   1.67637181E+00   2.30000000E+06   1.71097164E+01   1.67668414E+00   2.30000000E+06   1.70266876E+01 
0 1970 1.13959320E-09   1.46286236E-08   3.39755335E-09   1.28092970E-09   1.30422517E-09   6.80382917E-10   3.04439389E-08   1.75927830E+01   -1.39484387E-02   3.47252749E-02   1.08802252E-01   1.75594501E+01   -1.58745218E-02   -2.29804292E-02   1.08931892E-01   1.76402073E+01   -1.76730603E-02   9.17162560E-03   1.08305857E-01   1.67658067E+00   2.30000000E+06   1.70567226E+01   1.67637193E+00   2.30000000E+06   1.71097031E+01   1.67668450E+00   2.30000000E+06   1.70265465E+01 
0 1980 1.10374487E-09   1.43696939E-08   3.32147998E-09   1.24663757E-09   1.27483524E-09   6.77387924E-10   3.01366150E-08   1.75928040E+01   -1.39479553E-02   3.47188339E-02   1.08802609E-01   1.75594025E+01   -1.58602484E-02   -2.29472183E-02   1.08932748E-01   1.76402130E+01   -1.76675338E-02   9.16609447E-03   1.08306244E-01   1.67658067E+00   2.30000000E+06   1.70567112E+01   1.67637193E+00   2.30000000E+06   1.71096878E+01   1.67668498E+00   2.30000000E+06   1.70264225E+01 
0 1990 1.06992726E-09   1.41202747E-08   3.24885918E-09   1.21842580E-09   1.24765143E-09   6.74446832E-10   2.98337000E-08   1.75928249E+01   -1.39476191E-02   3.47131900E-02   1.08802967E-01   1.75593643E+01   -1.58383325E-02   -2.29178239E-02   1.08933531E-01   1.76402149E+01   -1.76603515E-02   9.16254614E-03   1.08306646E-01   1.67658079E+00   2.30000000E+06   1.70566978E+01   1.67637205E+00   2.30000000E+06   1.71096706E+01   1.67668533E+00   2.30000000E+06   1.70263100E+01 
0 2000 1.03876485E-09   1.38796397E-08   3.17844950E-09   1.19239940E-09   1.22517885E-09   6.71558587E-10   2.95351139E-08   1.75928421E+01   -1.39473043E-02   3.47081758E-02   1.08803324E-01   1.75593357E+01   -1.58099383E-02   -2.28920318E-02   1.08934246E-01   1.76402111E+01   -1.76523924E-02   9.16034821E-03   1.08307064E-01   1.67658079E+00   2.30000000E+06   1.70566845E+01   1.67637217E+00   2.30000000E+06   1.71096497E+01   1.67668569E+00   2.30000000E+06   1.70262089E+01 
