RealTimeStep Cycle rho   rhoV[0]   rhoV[1]   rhoV[2]   rhoE   rhok   rhoOmega   probe1@MHH@63.3_V_x   probe1@MHH@63.3_V_y   probe1@MHH@63.3_V_z   probe1@MHH@63.3_ti   probe2@MHH@63.3_V_x   probe2@MHH@63.3_V_y   probe2@MHH@63.3_V_z   probe2@MHH@63.3_ti   probe3@MHH@63.3_V_x   probe3@MHH@63.3_V_y   probe3@MHH@63.3_V_z   probe3@MHH@63.3_ti   T001_omega   T001_power   T001_uref   T003_omega   T003_power   T003_uref   T002_omega   T002_power   T002_uref 
0 1 8.54059650E-08   4.37736935E-06   5.92751121E-07   6.21809477E-07   3.10813846E-07   1.25089983E-07   9.78409080E-05   9.93448925E+00   -2.55238004E-02   -5.85228950E-03   1.05777562E-01   9.94269371E+00   -2.88680587E-02   -7.93208554E-03   1.05689682E-01   9.95569611E+00   -9.51387919E-03   -8.02495633E-04   1.05552942E-01   1.68640280E+00   2.15223000E+06   9.69778919E+00   1.68640411E+00   2.15212550E+06   9.69674015E+00   1.68639994E+00   2.15245550E+06   9.70005417E+00 
0 10 2.55164764E-07   3.61333400E-06   1.74346451E-06   1.24276687E-06   8.78699268E-07   9.97131377E-10   1.75366176E-06   9.48983192E+00   -1.12392366E-01   1.81408077E-02   1.10691771E-01   9.53490639E+00   -1.37310877E-01   4.73119272E-03   1.10156298E-01   9.53238106E+00   -1.03734091E-01   -2.78447312E-03   1.10239066E-01   1.67916989E+00   2.08566850E+06   9.02956390E+00   1.67887604E+00   2.08440275E+06   9.01685619E+00   1.67947829E+00   2.08702488E+06   9.04318047E+00 
0 20 2.41092550E-07   3.31362367E-06   2.08597953E-06   1.73141291E-06   8.07354184E-07   1.32990619E-09   1.60524269E-06   9.74077034E+00   -1.96301028E-01   7.50305429E-02   1.07818805E-01   9.70267868E+00   -1.97473034E-01   3.21333483E-02   1.08194493E-01   9.71744633E+00   -2.32049897E-01   2.13869680E-02   1.08149230E-01   1.67567146E+00   2.07193875E+06   8.89172745E+00   1.67590213E+00   2.07276750E+06   8.90004730E+00   1.67613256E+00   2.07360475E+06   8.90845299E+00 
0 30 1.82108209E-07   2.89249942E-06   2.09229120E-06   1.68451822E-06   5.87122884E-07   1.61970981E-09   1.55279247E-06   1.00751133E+01   -2.91206568E-01   8.74932036E-02   1.04308330E-01   1.00095396E+01   -2.55683422E-01   -6.38889382E-03   1.04983851E-01   1.00786314E+01   -2.73026526E-01   2.96385661E-02   1.04355447E-01   1.67692375E+00   2.05802938E+06   8.83538151E+00   1.67688847E+00   2.05837325E+06   8.83668041E+00   1.67650402E+00   2.06207175E+06   8.85064602E+00 
0 40 1.35044829E-07   2.49635195E-06   1.77301263E-06   1.48870129E-06   4.36512437E-07   1.21776378E-09   1.25002214E-06   1.01738949E+01   -3.19853842E-01   8.07275251E-02   1.03380822E-01   1.01061392E+01   -2.65687943E-01   -2.37025786E-02   1.04081564E-01   1.01503458E+01   -2.78804958E-01   1.11723300E-02   1.03700459E-01   1.68073118E+00   2.01431388E+06   8.67030811E+00   1.68130422E+00   2.00599388E+06   8.63889122E+00   1.68057179E+00   2.01651062E+06   8.67860317E+00 
0 50 1.09867457E-07   2.35045832E-06   1.48618437E-06   1.32011257E-06   3.52372268E-07   9.60775792E-10   1.02627155E-06   1.01755600E+01   -2.96567798E-01   8.80589783E-02   1.03429325E-01   1.00706692E+01   -2.42092341E-01   -1.16098160E-02   1.04503900E-01   1.01302195E+01   -2.77981222E-01   1.36976223E-02   1.03941560E-01   1.68338478E+00   1.96594375E+06   8.48765850E+00   1.68379378E+00   1.95379738E+06   8.44179344E+00   1.68333399E+00   1.96726388E+06   8.49264336E+00 
0 60 9.29831572E-08   2.34482695E-06   1.29204250E-06   1.16000479E-06   2.95735333E-07   8.90407637E-10   8.85792645E-07   1.01506462E+01   -2.49948904E-01   1.15205020E-01   1.03750899E-01   1.00299196E+01   -1.82642207E-01   -1.61711557E-03   1.04994752E-01   1.01344271E+01   -2.37298205E-01   3.94753441E-02   1.03945412E-01   1.68437064E+00   1.92265125E+06   8.32418251E+00   1.68441188E+00   1.91120012E+06   8.28094196E+00   1.68434930E+00   1.92515438E+06   8.33363533E+00 
0 70 7.91385801E-08   2.26618295E-06   1.15167541E-06   1.03669424E-06   2.50070912E-07   8.78657314E-10   7.79700486E-07   1.01212540E+01   -1.98705018E-01   1.14775553E-01   1.04150541E-01   9.99729347E+00   -1.32966787E-01   -6.74311817E-03   1.05429120E-01   1.01319666E+01   -1.79038644E-01   4.46993448E-02   1.04060203E-01   1.68412936E+00   1.88335738E+06   8.17580605E+00   1.68384695E+00   1.87159275E+06   8.13138199E+00   1.68421578E+00   1.88809412E+06   8.19369221E+00 
0 80 6.76655532E-08   2.10565395E-06   1.03560944E-06   9.47705303E-07   2.06276383E-07   9.01030417E-10   7.00537100E-07   1.00662384E+01   -1.54545814E-01   9.71693993E-02   1.04838662E-01   9.94577217E+00   -9.49073732E-02   -7.11656222E-03   1.06081292E-01   1.00839663E+01   -1.28840804E-01   4.41307575E-02   1.04660451E-01   1.68301845E+00   1.84867575E+06   8.04484558E+00   1.68237972E+00   1.83557650E+06   7.99538136E+00   1.68331766E+00   1.85585825E+06   8.07196712E+00 
0 90 6.06465562E-08   1.93655410E-06   9.39512461E-07   8.78895719E-07   1.78557514E-07   9.16908216E-10   6.34799164E-07   1.00002165E+01   -1.19533889E-01   8.59223157E-02   1.05655499E-01   9.88612461E+00   -6.61566556E-02   -4.32969211E-03   1.06833003E-01   1.00196981E+01   -8.71820524E-02   4.90891598E-02   1.05442844E-01   1.68156719E+00   1.82162275E+06   7.94269085E+00   1.68058598E+00   1.80722662E+06   7.88832998E+00   1.68206954E+00   1.82996825E+06   7.97420406E+00 
0 100 5.61320839E-08   1.78795426E-06   8.60868795E-07   8.22627385E-07   1.66096129E-07   9.20467258E-10   5.75653473E-07   9.96142387E+00   -9.49776620E-02   7.50667006E-02   1.06190436E-01   9.84839344E+00   -5.19163534E-02   -1.06419194E-02   1.07356891E-01   9.98145676E+00   -5.85730039E-02   5.06359637E-02   1.05963416E-01   1.68041086E+00   1.80486125E+06   7.87939787E+00   1.67918754E+00   1.78960625E+06   7.82179356E+00   1.68095529E+00   1.81240012E+06   7.90786552E+00 
0 110 4.83415228E-08   1.65841755E-06   8.06272226E-07   7.81460301E-07   1.43484087E-07   9.23878696E-10   5.22668074E-07   9.95387936E+00   -7.97210708E-02   6.00857586E-02   1.06388398E-01   9.83710194E+00   -4.26826663E-02   -2.41036508E-02   1.07591636E-01   9.97466469E+00   -4.72408868E-02   4.26758565E-02   1.06147766E-01   1.67977595E+00   1.79669050E+06   7.84854460E+00   1.67848861E+00   1.78169075E+06   7.79190445E+00   1.68026316E+00   1.80290588E+06   7.87201452E+00 
0 120 4.06786391E-08   1.53737631E-06   7.72653095E-07   7.58280919E-07   1.19958997E-07   9.36009270E-10   4.79625498E-07   9.95671654E+00   -7.12510720E-02   4.88646030E-02   1.06467083E-01   9.84006500E+00   -3.39054987E-02   -3.89486738E-02   1.07663602E-01   9.98105240E+00   -4.57974598E-02   3.02598942E-02   1.06186330E-01   1.67937028E+00   1.79176138E+06   7.82993174E+00   1.67814946E+00   1.77801800E+06   7.77803564E+00   1.67984796E+00   1.79758838E+06   7.85193539E+00 
0 130 3.67126383E-08   1.42241993E-06   7.46115916E-07   7.35908088E-07   1.07979602E-07   9.58956026E-10   4.51426899E-07   9.95228291E+00   -6.83642328E-02   4.94100451E-02   1.06616139E-01   9.83997250E+00   -2.74926182E-02   -4.57063019E-02   1.07762799E-01   9.98278236E+00   -4.62437160E-02   2.37031709E-02   1.06269419E-01   1.67878854E+00   1.78502638E+06   7.80449963E+00   1.67760897E+00   1.77236612E+06   7.75669336E+00   1.67934144E+00   1.79141850E+06   7.82863712E+00 
0 140 3.35026584E-08   1.32173489E-06   7.13022757E-07   7.06800904E-07   9.69587788E-08   9.77760872E-10   4.29560117E-07   9.93363667E+00   -6.92738667E-02   6.17000163E-02   1.06911175E-01   9.82621193E+00   -2.47857384E-02   -3.79812121E-02   1.08007967E-01   9.96994495E+00   -4.67019379E-02   2.92790364E-02   1.06504984E-01   1.67781770E+00   1.77452125E+06   7.76483154E+00   1.67654645E+00   1.76187475E+06   7.71707726E+00   1.67849410E+00   1.78175125E+06   7.79213285E+00 
0 150 3.04291490E-08   1.23449570E-06   6.64469269E-07   6.73906072E-07   8.63817675E-08   9.77089409E-10   4.04174330E-07   9.90643024E+00   -7.14413524E-02   7.90714696E-02   1.07293479E-01   9.80112553E+00   -2.55328901E-02   -2.07955502E-02   1.08374521E-01   9.94734669E+00   -4.83069792E-02   4.44443561E-02   1.06843196E-01   1.67652011E+00   1.76162412E+06   7.71613121E+00   1.67598391E+00   1.74523062E+06   7.66534328E+00   1.67732441E+00   1.76948075E+06   7.74579811E+00 
0 160 2.97221874E-08   1.15065973E-06   6.03565354E-07   6.33545767E-07   8.65226824E-08   9.59810675E-10   3.74588581E-07   9.88190746E+00   -7.23656267E-02   9.25844684E-02   1.07638344E-01   9.77592468E+00   -2.73171216E-02   -5.01930155E-03   1.08736753E-01   9.92811871E+00   -4.93912026E-02   6.08775131E-02   1.07140072E-01   1.67585182E+00   1.74715900E+06   7.66955566E+00   1.67740977E+00   1.72321525E+06   7.61724949E+00   1.67605972E+00   1.75730600E+06   7.69982529E+00 
0 170 2.90116944E-08   1.06889229E-06   5.43891247E-07   5.82006464E-07   8.67165895E-08   9.40265754E-10   3.47409838E-07   9.86896515E+00   -7.06456378E-02   9.65145826E-02   1.07840680E-01   9.76062202E+00   -2.78255045E-02   8.53645441E-04   1.08977087E-01   9.92063999E+00   -4.79249097E-02   7.08346218E-02   1.07296370E-01   1.67690551E+00   1.73127125E+06   7.63484859E+00   1.67832351E+00   1.70771150E+06   7.58338118E+00   1.67605877E+00   1.74412925E+06   7.66293716E+00 
0 180 2.56075481E-08   9.91720299E-07   4.94343453E-07   5.26714814E-07   7.52987077E-08   9.25150512E-10   3.25950992E-07   9.86741352E+00   -6.71338961E-02   9.08797085E-02   1.07894443E-01   9.75682449E+00   -2.65553854E-02   -5.22408634E-03   1.09069802E-01   9.92536736E+00   -4.36898544E-02   7.06310123E-02   1.07298151E-01   1.67751646E+00   1.72146962E+06   7.61343670E+00   1.67877221E+00   1.69959188E+06   7.56564331E+00   1.67680156E+00   1.73289325E+06   7.63839149E+00 
0 190 2.17716050E-08   9.15977637E-07   4.54775119E-07   4.76396679E-07   6.08930648E-08   9.13293718E-10   3.10433904E-07   9.87064743E+00   -6.36410564E-02   8.14935341E-02   1.07868962E-01   9.75885010E+00   -2.54909489E-02   -1.83031578E-02   1.09074131E-01   9.93537903E+00   -3.83220650E-02   6.28013015E-02   1.07216261E-01   1.67785728E+00   1.71578112E+06   7.60100985E+00   1.67895854E+00   1.69610575E+06   7.55802774E+00   1.67725253E+00   1.72576325E+06   7.62281609E+00 
0 200 2.07672173E-08   8.37819982E-07   4.22067046E-07   4.34113844E-07   5.76622412E-08   9.02538100E-10   2.99730317E-07   9.86946201E+00   -6.20251000E-02   7.57847577E-02   1.07869886E-01   9.75910473E+00   -2.56856307E-02   -2.93967985E-02   1.09077066E-01   9.94081593E+00   -3.37312631E-02   5.49110547E-02   1.07159406E-01   1.67813110E+00   1.71108388E+06   7.59074831E+00   1.67911458E+00   1.69313012E+06   7.55152750E+00   1.67758954E+00   1.72026362E+06   7.61080170E+00 
0 210 2.09313100E-08   7.62038781E-07   3.94221928E-07   3.99817935E-07   5.91341696E-08   8.90334473E-10   2.91139344E-07   9.85770988E+00   -6.27728030E-02   7.79944062E-02   1.07975215E-01   9.75165558E+00   -2.66717765E-02   -3.13963890E-02   1.09152406E-01   9.93503284E+00   -3.15420069E-02   5.43038063E-02   1.07206725E-01   1.67848539E+00   1.70482425E+06   7.57707405E+00   1.67938852E+00   1.68777388E+06   7.53982639E+00   1.67796040E+00   1.71402525E+06   7.59717369E+00 
0 220 1.98067607E-08   6.96635254E-07   3.68965061E-07   3.71878002E-07   5.52332082E-08   8.75764572E-10   2.82265489E-07   9.83578300E+00   -6.46643266E-02   8.68775249E-02   1.08191706E-01   9.73504066E+00   -2.77853198E-02   -2.37200093E-02   1.09325446E-01   9.91770649E+00   -3.24632861E-02   6.26802966E-02   1.07371703E-01   1.67895031E+00   1.69626000E+06   7.55836487E+00   1.67979395E+00   1.67950525E+06   7.52176332E+00   1.67842472E+00   1.70591125E+06   7.57944822E+00 
0 230 1.79705761E-08   6.43188741E-07   3.44006025E-07   3.45358700E-07   4.90699534E-08   8.59405491E-10   2.71910892E-07   9.80884838E+00   -6.60522506E-02   9.77247432E-02   1.08469509E-01   9.71280193E+00   -2.85771377E-02   -1.16623379E-02   1.09563410E-01   9.89411259E+00   -3.56837884E-02   7.55295381E-02   1.07605718E-01   1.67945647E+00   1.68641762E+06   7.53686380E+00   1.68024385E+00   1.66977475E+06   7.50050688E+00   1.67894387E+00   1.69638212E+06   7.55863190E+00 
0 240 1.65558198E-08   5.96787459E-07   3.18712779E-07   3.17626132E-07   4.57688465E-08   8.43768666E-10   2.60538627E-07   9.78375912E+00   -6.62487522E-02   1.05879553E-01   1.08735487E-01   9.69076633E+00   -2.88606286E-02   -1.66971784E-03   1.09804370E-01   9.87177181E+00   -3.94803323E-02   8.64216164E-02   1.07831739E-01   1.67990422E+00   1.67718000E+06   7.51668358E+00   1.68063307E+00   1.66079138E+06   7.48088217E+00   1.67943144E+00   1.68692075E+06   7.53796291E+00 
0 250 1.52093875E-08   5.54410462E-07   2.93985266E-07   2.90857173E-07   4.30369376E-08   8.31496372E-10   2.49480195E-07   9.76532745E+00   -6.57791570E-02   1.09520957E-01   1.08935557E-01   9.67353153E+00   -2.84936801E-02   3.07317055E-03   1.09996758E-01   9.85591793E+00   -4.23092544E-02   9.15668383E-02   1.07993893E-01   1.68023062E+00   1.67007225E+06   7.50115633E+00   1.68090415E+00   1.65416362E+06   7.46640348E+00   1.67981672E+00   1.67902875E+06   7.52072239E+00 
0 260 1.35267921E-08   5.16095213E-07   2.70470338E-07   2.67178649E-07   3.83408540E-08   8.23420887E-10   2.39670385E-07   9.75422955E+00   -6.56499639E-02   1.10060275E-01   1.09059855E-01   9.66264057E+00   -2.75005233E-02   3.73534113E-03   1.10121384E-01   9.84755802E+00   -4.35276330E-02   9.16519612E-02   1.08080514E-01   1.68043602E+00   1.66541212E+06   7.49097633E+00   1.68106306E+00   1.65011112E+06   7.45755053E+00   1.68007946E+00   1.67340662E+06   7.50844097E+00 
0 270 1.20941532E-08   4.82584653E-07   2.48257635E-07   2.45379510E-07   3.40156667E-08   8.18666634E-10   2.31222387E-07   9.74754715E+00   -6.64748624E-02   1.10406622E-01   1.09138310E-01   9.65673733E+00   -2.62763388E-02   4.02457500E-03   1.10191651E-01   9.84387016E+00   -4.35285978E-02   9.04369131E-02   1.08121008E-01   1.68056929E+00   1.66230500E+06   7.48418856E+00   1.68115759E+00   1.64763712E+06   7.45214605E+00   1.68024623E+00   1.66972088E+06   7.50038910E+00 
0 280 1.12724132E-08   4.53766802E-07   2.27347044E-07   2.24098031E-07   3.19014397E-08   8.15641776E-10   2.23592068E-07   9.74106979E+00   -6.80395812E-02   1.12741813E-01   1.09215759E-01   9.65274239E+00   -2.56942268E-02   7.17622275E-03   1.10241190E-01   9.84067917E+00   -4.31673340E-02   9.16616395E-02   1.08159393E-01   1.68069124E+00   1.65939612E+06   7.47783422E+00   1.68124151E+00   1.64539775E+06   7.44725418E+00   1.68036783E+00   1.66697475E+06   7.49439001E+00 
0 290 1.05799272E-08   4.29014506E-07   2.07944282E-07   2.03552119E-07   3.01742062E-08   8.12957757E-10   2.15901608E-07   9.73186684E+00   -6.96250349E-02   1.17025182E-01   1.09323516E-01   9.64767647E+00   -2.63494924E-02   1.38928546E-02   1.10303275E-01   9.83513737E+00   -4.31148931E-02   9.64922383E-02   1.08225152E-01   1.68084037E+00   1.65575175E+06   7.46987295E+00   1.68134594E+00   1.64255388E+06   7.44104147E+00   1.68049014E+00   1.66415925E+06   7.48823977E+00 
0 300 9.72976988E-09   4.07255442E-07   1.90140327E-07   1.83863520E-07   2.76588121E-08   8.10295886E-10   2.08168544E-07   9.71973515E+00   -7.06780255E-02   1.21375725E-01   1.09463394E-01   9.64015007E+00   -2.80318260E-02   2.21222807E-02   1.10393651E-01   9.82692814E+00   -4.35157530E-02   1.02908097E-01   1.08320422E-01   1.68101823E+00   1.65126725E+06   7.46007633E+00   1.68146992E+00   1.63908262E+06   7.43345833E+00   1.68063450E+00   1.66075725E+06   7.48080778E+00 
0 310 8.85177087E-09   3.87215692E-07   1.73895401E-07   1.65157203E-07   2.49723637E-08   8.07740097E-10   2.00728465E-07   9.70657730E+00   -7.10984543E-02   1.23770602E-01   1.09614119E-01   9.63065910E+00   -2.97794454E-02   2.86579430E-02   1.10506728E-01   9.81764317E+00   -4.40377258E-02   1.07472949E-01   1.08426966E-01   1.68120098E+00   1.64648462E+06   7.44962835E+00   1.68159366E+00   1.63550775E+06   7.42564917E+00   1.68079591E+00   1.65685062E+06   7.47227335E+00 
0 320 8.02305866E-09   3.67828704E-07   1.59271764E-07   1.48596385E-07   2.26258106E-08   8.05207567E-10   1.93720254E-07   9.69468880E+00   -7.10698739E-02   1.23573579E-01   1.09750018E-01   9.62075710E+00   -3.06232162E-02   3.14419754E-02   1.10624574E-01   9.80928707E+00   -4.42462973E-02   1.08007774E-01   1.08522326E-01   1.68136227E+00   1.64210338E+06   7.44005728E+00   1.68169868E+00   1.63237938E+06   7.41881466E+00   1.68095458E+00   1.65289212E+06   7.46362591E+00 
0 330 7.36635997E-09   3.48726530E-07   1.46253029E-07   1.34571977E-07   2.12235989E-08   8.02418687E-10   1.87185279E-07   9.68540001E+00   -7.08637834E-02   1.21852830E-01   1.09856024E-01   9.61196804E+00   -3.02521940E-02   3.08563467E-02   1.10729113E-01   9.80288601E+00   -4.40041497E-02   1.05158783E-01   1.08594842E-01   1.68148863E+00   1.63854762E+06   7.43228960E+00   1.68177974E+00   1.62989862E+06   7.41339588E+00   1.68109190E+00   1.64936350E+06   7.45591736E+00 
0 340 7.00629732E-09   3.30224083E-07   1.34852812E-07   1.21989174E-07   2.10715729E-08   7.98934641E-10   1.81181434E-07   9.67850590E+00   -7.07982108E-02   1.20502748E-01   1.09934352E-01   9.60500240E+00   -2.92192865E-02   2.91398950E-02   1.10811487E-01   9.79807663E+00   -4.35031578E-02   1.01761512E-01   1.08648434E-01   1.68158352E+00   1.63580400E+06   7.42629623E+00   1.68184423E+00   1.62788212E+06   7.40899086E+00   1.68119967E+00   1.64652050E+06   7.44970655E+00 
0 350 6.66109079E-09   3.13059132E-07   1.25385483E-07   1.10462494E-07   2.06570210E-08   7.94394606E-10   1.75559038E-07   9.67278290E+00   -7.11228326E-02   1.20895326E-01   1.09999016E-01   9.59965897E+00   -2.84683947E-02   2.86735669E-02   1.10873818E-01   9.79372597E+00   -4.31678072E-02   1.00743927E-01   1.08695932E-01   1.68165994E+00   1.63354438E+06   7.42136002E+00   1.68190384E+00   1.62598675E+06   7.40485001E+00   1.68128169E+00   1.64431350E+06   7.44488573E+00 
0 360 6.01416339E-09   2.97775586E-07   1.17669238E-07   1.00810119E-07   1.85468281E-08   7.88749344E-10   1.70292338E-07   9.66699409E+00   -7.17996731E-02   1.23061903E-01   1.10064521E-01   9.59514236E+00   -2.86537353E-02   3.04887258E-02   1.10925794E-01   9.78892612E+00   -4.33005057E-02   1.03184305E-01   1.08748175E-01   1.68173110E+00   1.63139400E+06   7.41666222E+00   1.68196523E+00   1.62399075E+06   7.40048981E+00   1.68134856E+00   1.64248238E+06   7.44088554E+00 
0 370 5.34404787E-09   2.84344821E-07   1.10392001E-07   9.26041253E-08   1.57920077E-08   7.82167386E-10   1.65214914E-07   9.66066742E+00   -7.25372732E-02   1.25841722E-01   1.10136859E-01   9.59066105E+00   -2.97815092E-02   3.38984132E-02   1.10977456E-01   9.78364086E+00   -4.38842997E-02   1.07826121E-01   1.08806513E-01   1.68180358E+00   1.62915950E+06   7.41178083E+00   1.68202698E+00   1.62194288E+06   7.39601612E+00   1.68141103E+00   1.64074400E+06   7.43708801E+00 
0 380 5.17373255E-09   2.72272075E-07   1.02248862E-07   8.44939265E-08   1.47672159E-08   7.75015219E-10   1.60146428E-07   9.65417671E+00   -7.30336532E-02   1.27784476E-01   1.10212304E-01   9.58590412E+00   -3.12844887E-02   3.72461006E-02   1.11033320E-01   9.77865696E+00   -4.46406342E-02   1.12176694E-01   1.08862981E-01   1.68187547E+00   1.62689525E+06   7.40683460E+00   1.68208122E+00   1.62010912E+06   7.39201021E+00   1.68147445E+00   1.63895300E+06   7.43317509E+00 
0 390 5.35382849E-09   2.61108426E-07   9.33292199E-08   7.64122845E-08   1.53173847E-08   7.67742925E-10   1.55100963E-07   9.64830589E+00   -7.31942132E-02   1.28118619E-01   1.10281944E-01   9.58111954E+00   -3.24295014E-02   3.90988626E-02   1.11091048E-01   9.77497959E+00   -4.52234820E-02   1.14237808E-01   1.08906664E-01   1.68194032E+00   1.62480338E+06   7.40226507E+00   1.68211985E+00   1.61877812E+06   7.38910246E+00   1.68153727E+00   1.63714938E+06   7.42923498E+00 
0 400 5.36040989E-09   2.50581564E-07   8.48004333E-08   6.89842068E-08   1.54035131E-08   7.60679186E-10   1.50155131E-07   9.64362526E+00   -7.31410310E-02   1.27133265E-01   1.10338710E-01   9.57683754E+00   -3.27784829E-02   3.90742682E-02   1.11144438E-01   9.77310658E+00   -4.53994572E-02   1.13672681E-01   1.08931541E-01   1.68199348E+00   1.62305788E+06   7.39845181E+00   1.68214047E+00   1.61806162E+06   7.38753748E+00   1.68159425E+00   1.63548962E+06   7.42560911E+00 
0 410 5.03367170E-09   2.40484866E-07   7.75906841E-08   6.22032204E-08   1.43631986E-08   7.53966667E-10   1.45485558E-07   9.64012241E+00   -7.30922371E-02   1.25788510E-01   1.10381953E-01   9.57345676E+00   -3.24098505E-02   3.78403813E-02   1.11188203E-01   9.77268696E+00   -4.51553203E-02   1.11721180E-01   1.08940542E-01   1.68203485E+00   1.62167762E+06   7.39543676E+00   1.68214762E+00   1.61781000E+06   7.38698769E+00   1.68164051E+00   1.63412300E+06   7.42262411E+00 
0 420 4.51942261E-09   2.30586636E-07   7.17589188E-08   5.60713573E-08   1.27562600E-08   7.47589601E-10   1.41169266E-07   9.63727188E+00   -7.31992573E-02   1.24978237E-01   1.10417008E-01   9.57100582E+00   -3.17848437E-02   3.64644192E-02   1.11221142E-01   9.77273941E+00   -4.46523316E-02   1.10127963E-01   1.08943596E-01   1.68206918E+00   1.62051950E+06   7.39290667E+00   1.68215120E+00   1.61768662E+06   7.38671780E+00   1.68167496E+00   1.63309212E+06   7.42037201E+00 
0 430 3.99103595E-09   2.20791463E-07   6.69081786E-08   5.10745437E-08   1.12321228E-08   7.41471218E-10   1.37200800E-07   9.63441372E+00   -7.34598935E-02   1.25015795E-01   1.10451199E-01   9.56916237E+00   -3.14087532E-02   3.56664918E-02   1.11246295E-01   9.77220917E+00   -4.41073254E-02   1.09953694E-01   1.08951896E-01   1.68210256E+00   1.61937575E+06   7.39040804E+00   1.68216085E+00   1.61734588E+06   7.38597345E+00   1.68170106E+00   1.63230762E+06   7.41865826E+00 
0 440 3.56286467E-09   2.11254573E-07   6.26797600E-08   4.72242583E-08   1.01692024E-08   7.35552008E-10   1.33579377E-07   9.63115025E+00   -7.37657398E-02   1.25609264E-01   1.10489294E-01   9.56744289E+00   -3.15125734E-02   3.54896188E-02   1.11268960E-01   9.77054596E+00   -4.36826721E-02   1.11057766E-01   1.08971581E-01   1.68213940E+00   1.61810088E+06   7.38762283E+00   1.68218184E+00   1.61660725E+06   7.38435984E+00   1.68172443E+00   1.63159900E+06   7.41711044E+00 
0 450 3.27733329E-09   2.02263266E-07   5.88446483E-08   4.38997354E-08   9.62380575E-09   7.29831806E-10   1.30214346E-07   9.62752533E+00   -7.40107670E-02   1.26231611E-01   1.10531226E-01   9.56545830E+00   -3.19425613E-02   3.55029590E-02   1.11293755E-01   9.76793289E+00   -4.33903262E-02   1.12468190E-01   1.09001011E-01   1.68217957E+00   1.61668575E+06   7.38453197E+00   1.68221211E+00   1.61552625E+06   7.38199854E+00   1.68175030E+00   1.63080488E+06   7.41537523E+00 
0 460 3.08305581E-09   1.93966628E-07   5.52785089E-08   4.08529779E-08   9.26986754E-09   7.24307725E-10   1.26978875E-07   9.62391853E+00   -7.41466135E-02   1.26544118E-01   1.10573068E-01   9.56308746E+00   -3.23026404E-02   3.52812521E-02   1.11322455E-01   9.76508045E+00   -4.31020297E-02   1.13236152E-01   1.09032817E-01   1.68221986E+00   1.61524575E+06   7.38138580E+00   1.68224502E+00   1.61433375E+06   7.37939358E+00   1.68178141E+00   1.62984925E+06   7.41328764E+00 
0 470 2.90920554E-09   1.86357994E-07   5.19502272E-08   3.82282934E-08   8.74949269E-09   7.18991533E-10   1.23825188E-07   9.62077045E+00   -7.41937831E-02   1.26572445E-01   1.10610008E-01   9.56049061E+00   -3.22172605E-02   3.47665735E-02   1.11353591E-01   9.76275539E+00   -4.26783673E-02   1.13114081E-01   1.09058864E-01   1.68225586E+00   1.61393912E+06   7.37853146E+00   1.68227351E+00   1.61329062E+06   7.37711477E+00   1.68181610E+00   1.62876800E+06   7.41092587E+00 
0 480 2.76458900E-09   1.79383676E-07   4.88740888E-08   3.58973757E-08   8.06290767E-09   7.13882675E-10   1.20704797E-07   9.61831570E+00   -7.42232725E-02   1.26577333E-01   1.10639326E-01   9.55798721E+00   -3.15726325E-02   3.42641361E-02   1.11383796E-01   9.76135254E+00   -4.20956798E-02   1.12615667E-01   1.09074913E-01   1.68228483E+00   1.61287262E+06   7.37620163E+00   1.68229353E+00   1.61255125E+06   7.37549973E+00   1.68185079E+00   1.62767762E+06   7.40854406E+00 
0 490 2.71448530E-09   1.72988422E-07   4.60311327E-08   3.36220438E-08   7.51152740E-09   7.08959280E-10   1.17625909E-07   9.61647701E+00   -7.43004829E-02   1.26778215E-01   1.10661797E-01   9.55588436E+00   -3.05635985E-02   3.41457836E-02   1.11409664E-01   9.76075459E+00   -4.14617993E-02   1.12517081E-01   1.09082319E-01   1.68230700E+00   1.61204850E+06   7.37440109E+00   1.68230546E+00   1.61210750E+06   7.37453032E+00   1.68188119E+00   1.62671162E+06   7.40643358E+00 
0 500 2.79368240E-09   1.67061359E-07   4.33339373E-08   3.13862820E-08   7.41312833E-09   7.04221403E-10   1.14644038E-07   9.61494923E+00   -7.44384825E-02   1.27169266E-01   1.10680766E-01   9.55434704E+00   -2.95311324E-02   3.45326364E-02   1.11429341E-01   9.76050854E+00   -4.09304723E-02   1.13234341E-01   1.09086186E-01   1.68232489E+00   1.61137612E+06   7.37293243E+00   1.68231273E+00   1.61183388E+06   7.37393284E+00   1.68190467E+00   1.62595738E+06   7.40478563E+00 
0 510 2.94874902E-09   1.61460378E-07   4.07179890E-08   2.91941422E-08   7.75651365E-09   6.99659830E-10   1.11767804E-07   9.61339283E+00   -7.45959207E-02   1.27545059E-01   1.10700026E-01   9.55334949E+00   -2.87396591E-02   3.51975001E-02   1.11443132E-01   9.76016045E+00   -4.05902676E-02   1.14531927E-01   1.09091572E-01   1.68234205E+00   1.61073062E+06   7.37152243E+00   1.68231928E+00   1.61158725E+06   7.37339354E+00   1.68192124E+00   1.62542350E+06   7.40361929E+00 
0 520 3.04579650E-09   1.56117849E-07   3.83051315E-08   2.70514828E-08   8.06761502E-09   6.95262459E-10   1.08982569E-07   9.61160851E+00   -7.47153983E-02   1.27678305E-01   1.10721812E-01   9.55270195E+00   -2.82458458E-02   3.57338488E-02   1.11453131E-01   9.75951862E+00   -4.04008627E-02   1.15727723E-01   1.09100588E-01   1.68236065E+00   1.61001888E+06   7.36996746E+00   1.68232727E+00   1.61128788E+06   7.37273979E+00   1.68193293E+00   1.62504475E+06   7.40279245E+00 
0 530 2.95673974E-09   1.51071305E-07   3.63099808E-08   2.52225814E-08   7.80846499E-09   6.90996982E-10   1.06265823E-07   9.60959816E+00   -7.47717917E-02   1.27496332E-01   1.10746026E-01   9.55215168E+00   -2.79190671E-02   3.58356014E-02   1.11462124E-01   9.75867558E+00   -4.02344465E-02   1.16192609E-01   1.09111972E-01   1.68238151E+00   1.60921600E+06   7.36821365E+00   1.68233657E+00   1.61093775E+06   7.37197495E+00   1.68194294E+00   1.62471925E+06   7.40208101E+00 
0 540 2.66459388E-09   1.46364201E-07   3.47269840E-08   2.39121505E-08   6.89064672E-09   6.86806667E-10   1.03646073E-07   9.60751438E+00   -7.47919008E-02   1.27127171E-01   1.10770851E-01   9.55148029E+00   -2.75543500E-02   3.54813971E-02   1.11472420E-01   9.75784969E+00   -3.99783291E-02   1.15764245E-01   1.09123006E-01   1.68240356E+00   1.60836125E+06   7.36634636E+00   1.68234599E+00   1.61057800E+06   7.37118864E+00   1.68195415E+00   1.62435338E+06   7.40128183E+00 
0 550 2.29572650E-09   1.41968883E-07   3.32909096E-08   2.28680861E-08   5.84472826E-09   6.82636503E-10   1.01105186E-07   9.60555172E+00   -7.48298243E-02   1.26798749E-01   1.10794052E-01   9.55057907E+00   -2.70142742E-02   3.49156782E-02   1.11485064E-01   9.75716972E+00   -3.96113917E-02   1.14809304E-01   1.09131917E-01   1.68242490E+00   1.60752225E+06   7.36451340E+00   1.68235505E+00   1.61023462E+06   7.37043905E+00   1.68196821E+00   1.62389500E+06   7.40028048E+00 
0 560 2.02749728E-09   1.37826206E-07   3.17570006E-08   2.17379501E-08   5.39828715E-09   6.78431811E-10   9.86300819E-08   9.60383320E+00   -7.49228895E-02   1.26685187E-01   1.10814214E-01   9.54946041E+00   -2.63024960E-02   3.44645679E-02   1.11499786E-01   9.75658703E+00   -3.92098092E-02   1.13941103E-01   1.09139010E-01   1.68244433E+00   1.60675312E+06   7.36283350E+00   1.68236399E+00   1.60989300E+06   7.36969233E+00   1.68198502E+00   1.62334138E+06   7.39907122E+00 
0 570 1.91111704E-09   1.33918391E-07   3.01690939E-08   2.05407691E-08   5.52961144E-09   6.74161171E-10   9.62585176E-08   9.60237312E+00   -7.50669986E-02   1.26809523E-01   1.10831283E-01   9.54822063E+00   -2.55271923E-02   3.43300924E-02   1.11515425E-01   9.75594425E+00   -3.88841964E-02   1.13629147E-01   1.09146066E-01   1.68246138E+00   1.60607238E+06   7.36134624E+00   1.68237388E+00   1.60951175E+06   7.36885977E+00   1.68200350E+00   1.62272738E+06   7.39772987E+00 
0 580 1.84803273E-09   1.30265775E-07   2.87473814E-08   1.94881462E-08   5.58955593E-09   6.69836409E-10   9.40251752E-08   9.60110378E+00   -7.52193257E-02   1.27058566E-01   1.10846184E-01   9.54699516E+00   -2.48125158E-02   3.45010199E-02   1.11530535E-01   9.75511265E+00   -3.87069322E-02   1.13962986E-01   1.09154753E-01   1.68247640E+00   1.60546500E+06   7.36001921E+00   1.68238556E+00   1.60906062E+06   7.36787415E+00   1.68202221E+00   1.62210312E+06   7.39636612E+00 
0 590 1.76757886E-09   1.26869324E-07   2.75798779E-08   1.86482385E-08   5.26388488E-09   6.65500710E-10   9.19403007E-08   9.59993458E+00   -7.53241703E-02   1.27279088E-01   1.10860065E-01   9.54589748E+00   -2.42259633E-02   3.48136649E-02   1.11543983E-01   9.75409889E+00   -3.86784263E-02   1.14683338E-01   1.09165370E-01   1.68249035E+00   1.60490212E+06   7.35878992E+00   1.68239880E+00   1.60854888E+06   7.36675644E+00   1.68203986E+00   1.62151288E+06   7.39507675E+00 
0 600 1.70392156E-09   1.23665586E-07   2.65373377E-08   1.79271584E-08   4.74472328E-09   6.61221855E-10   8.99800696E-08   9.59880352E+00   -7.53474087E-02   1.27375215E-01   1.10873669E-01   9.54499054E+00   -2.37562545E-02   3.50921415E-02   1.11555263E-01   9.75304890E+00   -3.87360863E-02   1.15408331E-01   1.09176680E-01   1.68250346E+00   1.60436162E+06   7.35760927E+00   1.68241215E+00   1.60802750E+06   7.36561728E+00   1.68205547E+00   1.62098300E+06   7.39391899E+00 
0 610 1.71545644E-09   1.20579557E-07   2.54645247E-08   1.72028507E-08   4.41433246E-09   6.57069232E-10   8.81246365E-08   9.59769154E+00   -7.52917230E-02   1.27345011E-01   1.10887162E-01   9.54427433E+00   -2.33402643E-02   3.52575481E-02   1.11564502E-01   9.75215530E+00   -3.88108678E-02   1.15873761E-01   1.09186754E-01   1.68251634E+00   1.60383512E+06   7.35645914E+00   1.68242383E+00   1.60756588E+06   7.36460876E+00   1.68206918E+00   1.62051925E+06   7.39290571E+00 
0 620 1.78749782E-09   1.17580647E-07   2.43631408E-08   1.64110787E-08   4.40676340E-09   6.53100463E-10   8.63734471E-08   9.59660435E+00   -7.51884282E-02   1.27251640E-01   1.10900372E-01   9.54370213E+00   -2.29236633E-02   3.53415571E-02   1.11572281E-01   9.75155163E+00   -3.88696082E-02   1.16040662E-01   1.09194100E-01   1.68252861E+00   1.60332400E+06   7.35534239E+00   1.68243265E+00   1.60721762E+06   7.36384821E+00   1.68208110E+00   1.62011200E+06   7.39201641E+00 
0 630 1.84888505E-09   1.14694373E-07   2.33371651E-08   1.55831845E-08   4.49833015E-09   6.49352849E-10   8.47169872E-08   9.59554386E+00   -7.50779957E-02   1.27163917E-01   1.10913157E-01   9.54320812E+00   -2.24959906E-02   3.54198515E-02   1.11579344E-01   9.75124454E+00   -3.89211513E-02   1.16035730E-01   1.09198511E-01   1.68254054E+00   1.60282888E+06   7.35426092E+00   1.68243837E+00   1.60699250E+06   7.36335659E+00   1.68209183E+00   1.61974350E+06   7.39121151E+00 
0 640 1.84746562E-09   1.11955650E-07   2.24370282E-08   1.48249777E-08   4.45543602E-09   6.45843656E-10   8.31754505E-08   9.59449959E+00   -7.49878436E-02   1.27115592E-01   1.10925548E-01   9.54272747E+00   -2.20834520E-02   3.55291590E-02   1.11586317E-01   9.75110817E+00   -3.89914773E-02   1.16008796E-01   1.09201103E-01   1.68255210E+00   1.60234412E+06   7.35320187E+00   1.68244195E+00   1.60685075E+06   7.36304665E+00   1.68210208E+00   1.61939400E+06   7.39044762E+00 
0 650 1.77587756E-09   1.09371811E-07   2.16328271E-08   1.41911496E-08   4.22952429E-09   6.42562947E-10   8.17567951E-08   9.59345627E+00   -7.49215186E-02   1.27105817E-01   1.10937722E-01   9.54222012E+00   -2.17221789E-02   3.56343277E-02   1.11593582E-01   9.75095463E+00   -3.90949138E-02   1.16022900E-01   1.09203778E-01   1.68256354E+00   1.60186062E+06   7.35214567E+00   1.68244517E+00   1.60672088E+06   7.36276293E+00   1.68211210E+00   1.61904662E+06   7.38968897E+00 
0 660 1.65601122E-09   1.06939602E-07   2.08719388E-08   1.36398315E-08   3.90155508E-09   6.39484132E-10   8.04538729E-08   9.59241199E+00   -7.48641640E-02   1.27123967E-01   1.10949777E-01   9.54166985E+00   -2.14290172E-02   3.56642343E-02   1.11601211E-01   9.75062275E+00   -3.92212644E-02   1.16040722E-01   1.09208211E-01   1.68257499E+00   1.60137338E+06   7.35108137E+00   1.68244982E+00   1.60653288E+06   7.36235237E+00   1.68212247E+00   1.61868962E+06   7.38890934E+00 
0 670 1.52191582E-09   1.04651910E-07   2.01166159E-08   1.31068854E-08   3.59760666E-09   6.36582731E-10   7.92683963E-08   9.59138680E+00   -7.47984126E-02   1.27169758E-01   1.10961571E-01   9.54108238E+00   -2.11902801E-02   3.55771445E-02   1.11609094E-01   9.75004768E+00   -3.93455178E-02   1.15993336E-01   1.09215103E-01   1.68258631E+00   1.60088812E+06   7.35002089E+00   1.68245697E+00   1.60625000E+06   7.36173439E+00   1.68213308E+00   1.61831725E+06   7.38809586E+00 
0 680 1.41159029E-09   1.02483433E-07   1.93507148E-08   1.25553763E-08   3.43620510E-09   6.33836206E-10   7.81863960E-08   9.59042168E+00   -7.47163668E-02   1.27251700E-01   1.10972695E-01   9.54046917E+00   -2.09748838E-02   3.54019180E-02   1.11617051E-01   9.74927711E+00   -3.94503996E-02   1.15861766E-01   1.09223954E-01   1.68259716E+00   1.60042088E+06   7.34900045E+00   1.68246615E+00   1.60588062E+06   7.36092710E+00   1.68214428E+00   1.61792962E+06   7.38724899E+00 
0 690 1.35063805E-09   1.00401010E-07   1.85888105E-08   1.19792407E-08   3.43925421E-09   6.31237118E-10   7.71635200E-08   9.58955860E+00   -7.46215582E-02   1.27369761E-01   1.10982724E-01   9.53985119E+00   -2.07556430E-02   3.52265798E-02   1.11624874E-01   9.74842739E+00   -3.95391099E-02   1.15707129E-01   1.09233506E-01   1.68260705E+00   1.59999088E+06   7.34806108E+00   1.68247640E+00   1.60546700E+06   7.36002398E+00   1.68215561E+00   1.61753150E+06   7.38637924E+00 
0 700 1.33256484E-09   9.83808732E-08   1.78712671E-08   1.14248104E-08   3.48165585E-09   6.28773644E-10   7.61766330E-08   9.58881855E+00   -7.45226964E-02   1.27501681E-01   1.10991433E-01   9.53924274E+00   -2.05229577E-02   3.51451896E-02   1.11632414E-01   9.74761868E+00   -3.96297313E-02   1.15633227E-01   1.09242499E-01   1.68261576E+00   1.59961012E+06   7.34722900E+00   1.68248641E+00   1.60505938E+06   7.35913324E+00   1.68216693E+00   1.61713125E+06   7.38550520E+00 
0 710 1.33346212E-09   9.64238183E-08   1.72484906E-08   1.09595693E-08   3.42133299E-09   6.26448005E-10   7.52266871E-08   9.58818626E+00   -7.44263902E-02   1.27608031E-01   1.10998973E-01   9.53866386E+00   -2.02855058E-02   3.52024809E-02   1.11639552E-01   9.74691868E+00   -3.97367775E-02   1.15716092E-01   1.09250270E-01   1.68262339E+00   1.59927538E+06   7.34649801E+00   1.68249547E+00   1.60469212E+06   7.35833073E+00   1.68217802E+00   1.61673950E+06   7.38464928E+00 
0 720 1.34541656E-09   9.45384286E-08   1.67247656E-08   1.05991598E-08   3.24890048E-09   6.24262919E-10   7.43216688E-08   9.58761406E+00   -7.43330568E-02   1.27654314E-01   1.11005828E-01   9.53812981E+00   -2.00594459E-02   3.53735834E-02   1.11646168E-01   9.74633217E+00   -3.98558043E-02   1.15953662E-01   1.09256886E-01   1.68263042E+00   1.59896962E+06   7.34582996E+00   1.68250322E+00   1.60437425E+06   7.35763645E+00   1.68218851E+00   1.61636588E+06   7.38383293E+00 
0 730 1.37843481E-09   9.27191692E-08   1.62300662E-08   1.02766675E-08   3.09630122E-09   6.22222496E-10   7.34716110E-08   9.58704472E+00   -7.42380768E-02   1.27633631E-01   1.11012615E-01   9.53765488E+00   -1.98562592E-02   3.55870686E-02   1.11652195E-01   9.74582100E+00   -3.99646610E-02   1.16266370E-01   1.09262869E-01   1.68263721E+00   1.59866912E+06   7.34517336E+00   1.68251002E+00   1.60409600E+06   7.35702848E+00   1.68219841E+00   1.61601675E+06   7.38306999E+00 
0 740 1.42900292E-09   9.09600004E-08   1.57013336E-08   9.91543558E-09   3.07588177E-09   6.20325402E-10   7.26960110E-08   9.58643246E+00   -7.41378590E-02   1.27572492E-01   1.11019820E-01   9.53723907E+00   -1.96778774E-02   3.57683674E-02   1.11657672E-01   9.74534130E+00   -4.00354825E-02   1.16542071E-01   1.09268747E-01   1.68264425E+00   1.59835375E+06   7.34448481E+00   1.68251610E+00   1.60384175E+06   7.35647345E+00   1.68220735E+00   1.61569362E+06   7.38236427E+00 
0 750 1.46683443E-09   8.92700527E-08   1.51615236E-08   9.51985957E-09   3.12533022E-09   6.18569862E-10   7.19946271E-08   9.58576488E+00   -7.40343109E-02   1.27515674E-01   1.11027576E-01   9.53687000E+00   -1.95174962E-02   3.58762741E-02   1.11662753E-01   9.74486923E+00   -4.00508530E-02   1.16693534E-01   1.09274760E-01   1.68265188E+00   1.59801562E+06   7.34374619E+00   1.68252194E+00   1.60360038E+06   7.35594606E+00   1.68221581E+00   1.61539288E+06   7.38170719E+00 
0 760 1.45916657E-09   8.76656188E-08   1.46687444E-08   9.16225762E-09   3.09976911E-09   6.16955376E-10   7.13564461E-08   9.58506203E+00   -7.39356056E-02   1.27501592E-01   1.11035667E-01   9.53652287E+00   -1.93655454E-02   3.59136797E-02   1.11667670E-01   9.74439621E+00   -4.00114991E-02   1.16693646E-01   1.09280892E-01   1.68265986E+00   1.59766062E+06   7.34297037E+00   1.68252766E+00   1.60336625E+06   7.35543442E+00   1.68222368E+00   1.61510662E+06   7.38108206E+00 
0 770 1.39989498E-09   8.61563549E-08   1.42402854E-08   8.88573748E-09   2.96006775E-09   6.15472617E-10   7.07600236E-08   9.58436584E+00   -7.38526806E-02   1.27543926E-01   1.11043639E-01   9.53617191E+00   -1.92175135E-02   3.59116942E-02   1.11672662E-01   9.74391460E+00   -3.99328209E-02   1.16575249E-01   1.09287091E-01   1.68266773E+00   1.59730462E+06   7.34219265E+00   1.68253314E+00   1.60313362E+06   7.35492659E+00   1.68223143E+00   1.61482600E+06   7.38046885E+00 
0 780 1.31402134E-09   8.47317239E-08   1.38257361E-08   8.64874306E-09   2.81076562E-09   6.14100992E-10   7.01694063E-08   9.58372211E+00   -7.37936273E-02   1.27629384E-01   1.11051016E-01   9.53579617E+00   -1.90740414E-02   3.59051563E-02   1.11677885E-01   9.74340248E+00   -3.98344919E-02   1.16405010E-01   1.09293453E-01   1.68267524E+00   1.59696562E+06   7.34145212E+00   1.68253899E+00   1.60289212E+06   7.35439873E+00   1.68223929E+00   1.61454312E+06   7.37985086E+00 
0 790 1.23581567E-09   8.33678655E-08   1.33691129E-08   8.37671887E-09   2.77336665E-09   6.12822515E-10   6.95695093E-08   9.58316040E+00   -7.37596974E-02   1.27730474E-01   1.11057512E-01   9.53538799E+00   -1.89361237E-02   3.59166414E-02   1.11683398E-01   9.74283123E+00   -3.97304185E-02   1.16251051E-01   1.09300278E-01   1.68268204E+00   1.59665638E+06   7.34077644E+00   1.68254530E+00   1.60262700E+06   7.35381937E+00   1.68224728E+00   1.61425362E+06   7.37921858E+00 
0 800 1.18098409E-09   8.20475918E-08   1.28841391E-08   8.04631384E-09   2.82958101E-09   6.11621309E-10   6.89597286E-08   9.58268547E+00   -7.37444535E-02   1.27822265E-01   1.11063108E-01   9.53495598E+00   -1.88025646E-02   3.59546617E-02   1.11689121E-01   9.74217510E+00   -3.96251753E-02   1.16160750E-01   1.09307818E-01   1.68268812E+00   1.59638088E+06   7.34017467E+00   1.68255246E+00   1.60232650E+06   7.35316324E+00   1.68225539E+00   1.61395788E+06   7.37857246E+00 
0 810 1.14167886E-09   8.07626179E-08   1.24352013E-08   7.71062769E-09   2.84972912E-09   6.10481776E-10   6.83436170E-08   9.58227825E+00   -7.37367868E-02   1.27892494E-01   1.11068003E-01   9.53451920E+00   -1.86695252E-02   3.60208638E-02   1.11694843E-01   9.74143791E+00   -3.95170227E-02   1.16153702E-01   1.09316155E-01   1.68269348E+00   1.59613462E+06   7.33963680E+00   1.68256044E+00   1.60198962E+06   7.35242748E+00   1.68226349E+00   1.61366125E+06   7.37792444E+00 
0 820 1.10889131E-09   7.95104498E-08   1.20646479E-08   7.43276596E-09   2.74905010E-09   6.09401585E-10   6.77262904E-08   9.58191109E+00   -7.37258643E-02   1.27940759E-01   1.11072525E-01   9.53410244E+00   -1.85329560E-02   3.61154526E-02   1.11700341E-01   9.74065208E+00   -3.94033268E-02   1.16225235E-01   1.09325029E-01   1.68269837E+00   1.59590838E+06   7.33914280E+00   1.68256891E+00   1.60162912E+06   7.35163975E+00   1.68227124E+00   1.61337250E+06   7.37729359E+00 
0 830 1.09033660E-09   7.82867673E-08   1.17518315E-08   7.22142834E-09   2.56137933E-09   6.08381345E-10   6.71009204E-08   9.58155441E+00   -7.37048537E-02   1.27971321E-01   1.11076966E-01   9.53372574E+00   -1.83926672E-02   3.62358727E-02   1.11705422E-01   9.73986912E+00   -3.92830372E-02   1.16353609E-01   1.09333977E-01   1.68270314E+00   1.59569225E+06   7.33867025E+00   1.68257737E+00   1.60126775E+06   7.35085058E+00   1.68227863E+00   1.61310050E+06   7.37669945E+00 
0 840 1.10157106E-09   7.70888491E-08   1.14476730E-08   7.03027769E-09   2.40483367E-09   6.07426498E-10   6.64409541E-08   9.58119106E+00   -7.36722499E-02   1.27987355E-01   1.11081496E-01   9.53340054E+00   -1.82534959E-02   3.63725796E-02   1.11709997E-01   9.73913860E+00   -3.91559303E-02   1.16506375E-01   1.09342508E-01   1.68270767E+00   1.59547862E+06   7.33820391E+00   1.68258536E+00   1.60092862E+06   7.35010958E+00   1.68228543E+00   1.61285150E+06   7.37615585E+00 
0 850 1.14337395E-09   7.59184715E-08   1.11215268E-08   6.81312207E-09   2.37633424E-09   6.06544592E-10   6.56859527E-08   9.58081532E+00   -7.36322030E-02   1.27990916E-01   1.11086130E-01   9.53312016E+00   -1.81228686E-02   3.65076214E-02   1.11714117E-01   9.73848820E+00   -3.90187167E-02   1.16646238E-01   1.09350368E-01   1.68271232E+00   1.59526375E+06   7.33773422E+00   1.68259239E+00   1.60062538E+06   7.34944725E+00   1.68229151E+00   1.61262612E+06   7.37566328E+00 
0 860 1.19455756E-09   7.47817026E-08   1.07859588E-08   6.56912524E-09   2.45345855E-09   6.05730521E-10   6.48410818E-08   9.58043098E+00   -7.35926405E-02   1.27986670E-01   1.11090824E-01   9.53286934E+00   -1.80067532E-02   3.66200581E-02   1.11717939E-01   9.73790836E+00   -3.88630107E-02   1.16738237E-01   1.09357618E-01   1.68271697E+00   1.59504712E+06   7.33726120E+00   1.68259859E+00   1.60035725E+06   7.34886122E+00   1.68229711E+00   1.61241950E+06   7.37521172E+00 
0 870 1.22717925E-09   7.36860883E-08   1.04735607E-08   6.33710506E-09   2.53285837E-09   6.04973627E-10   6.39703686E-08   9.58004856E+00   -7.35618398E-02   1.27984345E-01   1.11095458E-01   9.53262424E+00   -1.79061275E-02   3.66966352E-02   1.11721717E-01   9.73736382E+00   -3.86787876E-02   1.16758563E-01   1.09364592E-01   1.68272161E+00   1.59483062E+06   7.33678818E+00   1.68260431E+00   1.60011038E+06   7.34832191E+00   1.68230236E+00   1.61222238E+06   7.37478113E+00 
0 880 1.22434718E-09   7.26375760E-08   1.02020685E-08   6.15442897E-09   2.54124499E-09   6.04262917E-10   6.31451087E-08   9.57967663E+00   -7.35456795E-02   1.27996802E-01   1.11099936E-01   9.53236294E+00   -1.78164672E-02   3.67405191E-02   1.11725651E-01   9.73680592E+00   -3.84610035E-02   1.16701886E-01   1.09371744E-01   1.68272614E+00   1.59461788E+06   7.33632374E+00   1.68260992E+00   1.59986425E+06   7.34778452E+00   1.68230760E+00   1.61202500E+06   7.37435007E+00 
0 890 1.18659138E-09   7.16321509E-08   9.95536009E-09   6.01749139E-09   2.48034149E-09   6.03583961E-10   6.24016323E-08   9.57932663E+00   -7.35461637E-02   1.28034040E-01   1.11104153E-01   9.53207111E+00   -1.77304521E-02   3.67716774E-02   1.11729898E-01   9.73619175E+00   -3.82150598E-02   1.16583809E-01   1.09379478E-01   1.68273056E+00   1.59441312E+06   7.33587599E+00   1.68261600E+00   1.59959888E+06   7.34720469E+00   1.68231308E+00   1.61182062E+06   7.37390375E+00 
0 900 1.12799758E-09   7.06626722E-08   9.70052128E-09   5.88338400E-09   2.40209674E-09   6.02919825E-10   6.17458866E-08   9.57900620E+00   -7.35610649E-02   1.28097147E-01   1.11108050E-01   9.53175068E+00   -1.76419336E-02   3.68177220E-02   1.11734435E-01   9.73549366E+00   -3.79563756E-02   1.16436832E-01   1.09388046E-01   1.68273461E+00   1.59422038E+06   7.33545494E+00   1.68262291E+00   1.59930075E+06   7.34655333E+00   1.68231881E+00   1.61160750E+06   7.37343788E+00 
0 910 1.06564446E-09   6.97225317E-08   9.42091738E-09   5.71577541E-09   2.34615238E-09   6.02257522E-10   6.11638100E-08   9.57872200E+00   -7.35845566E-02   1.28176764E-01   1.11111581E-01   9.53141499E+00   -1.75487828E-02   3.69005129E-02   1.11739129E-01   9.73470402E+00   -3.77035365E-02   1.16300918E-01   1.09397486E-01   1.68273842E+00   1.59404312E+06   7.33506823E+00   1.68263054E+00   1.59896475E+06   7.34581947E+00   1.68232453E+00   1.61139000E+06   7.37296295E+00 
0 920 1.01088304E-09   6.88073456E-08   9.13842424E-09   5.52144908E-09   2.30112240E-09   6.01593164E-10   6.06223409E-08   9.57847500E+00   -7.36092925E-02   1.28257528E-01   1.11114725E-01   9.53108883E+00   -1.74530670E-02   3.70262191E-02   1.11743726E-01   9.73383522E+00   -3.74693796E-02   1.16211236E-01   1.09407715E-01   1.68274176E+00   1.59388325E+06   7.33471870E+00   1.68263888E+00   1.59859375E+06   7.34500885E+00   1.68233025E+00   1.61117700E+06   7.37249756E+00 
0 930 9.70421743E-10   6.79147831E-08   8.88547458E-09   5.33687317E-09   2.23767649E-09   6.00930417E-10   6.00408328E-08   9.57826424E+00   -7.36290887E-02   1.28325462E-01   1.11117527E-01   9.53079796E+00   -1.73593741E-02   3.71832661E-02   1.11747973E-01   9.73290920E+00   -3.72555554E-02   1.16186969E-01   1.09418526E-01   1.68274474E+00   1.59374012E+06   7.33440590E+00   1.68264782E+00   1.59819662E+06   7.34414148E+00   1.68233538E+00   1.61097938E+06   7.37206602E+00 
0 940 9.51964174E-10   6.70430111E-08   8.67044125E-09   5.18496890E-09   2.16624008E-09   6.00271943E-10   5.93604739E-08   9.57808304E+00   -7.36407712E-02   1.28374159E-01   1.11120023E-01   9.53056335E+00   -1.72717404E-02   3.73488218E-02   1.11751653E-01   9.73195553E+00   -3.70532051E-02   1.16225407E-01   1.09429687E-01   1.68274748E+00   1.59361138E+06   7.33412457E+00   1.68265700E+00   1.59778600E+06   7.34324455E+00   1.68234003E+00   1.61080562E+06   7.37168598E+00 
0 950 9.61499103E-10   6.61851089E-08   8.47130188E-09   5.04873077E-09   2.13864659E-09   5.99624073E-10   5.85642397E-08   9.57792282E+00   -7.36446679E-02   1.28406093E-01   1.11122318E-01   9.53039169E+00   -1.71919391E-02   3.74992006E-02   1.11754701E-01   9.73100281E+00   -3.68489362E-02   1.16302907E-01   1.09440960E-01   1.68274999E+00   1.59349312E+06   7.33386660E+00   1.68266618E+00   1.59737525E+06   7.34234715E+00   1.68234384E+00   1.61065975E+06   7.37136745E+00 
0 960 9.92518734E-10   6.53337082E-08   8.26518853E-09   4.90429919E-09   2.18264939E-09   5.98992134E-10   5.76734713E-08   9.57777596E+00   -7.36440942E-02   1.28429458E-01   1.11124486E-01   9.53027534E+00   -1.71192233E-02   3.76184657E-02   1.11757196E-01   9.73007011E+00   -3.66316587E-02   1.16382413E-01   1.09452151E-01   1.68275237E+00   1.59338162E+06   7.33362293E+00   1.68267500E+00   1.59697475E+06   7.34147215E+00   1.68234706E+00   1.61053975E+06   7.37110519E+00 
0 970 1.02424436E-09   6.44898890E-08   8.06146083E-09   4.75823425E-09   2.25383201E-09   5.98375460E-10   5.67003084E-08   9.57763577E+00   -7.36439079E-02   1.28453091E-01   1.11126579E-01   9.53019238E+00   -1.70512348E-02   3.77019271E-02   1.11759357E-01   9.72916222E+00   -3.63969244E-02   1.16425097E-01   1.09463215E-01   1.68275452E+00   1.59327425E+06   7.33338833E+00   1.68268359E+00   1.59658825E+06   7.34062767E+00   1.68234968E+00   1.61043850E+06   7.37088442E+00 
0 980 1.03476339E-09   6.36639541E-08   7.88986920E-09   4.64702010E-09   2.27779107E-09   5.97768002E-10   5.56658826E-08   9.57750130E+00   -7.36485943E-02   1.28482550E-01   1.11128613E-01   9.53011799E+00   -1.69859212E-02   3.77547890E-02   1.11761436E-01   9.72826576E+00   -3.61468755E-02   1.16403095E-01   1.09474264E-01   1.68275678E+00   1.59317012E+06   7.33316088E+00   1.68269181E+00   1.59621088E+06   7.33980370E+00   1.68235207E+00   1.61034588E+06   7.37068176E+00 
0 990 1.01501285E-09   6.28671870E-08   7.75447262E-09   4.59134819E-09   2.22227858E-09   5.97162375E-10   5.46055219E-08   9.57737732E+00   -7.36608356E-02   1.28519014E-01   1.11130551E-01   9.53002644E+00   -1.69223230E-02   3.77884060E-02   1.11763686E-01   9.72734737E+00   -3.58860604E-02   1.16308793E-01   1.09485582E-01   1.68275881E+00   1.59307000E+06   7.33294201E+00   1.68270016E+00   1.59582938E+06   7.33897018E+00   1.68235457E+00   1.61025162E+06   7.37047625E+00 
0 1000 9.72153913E-10   6.21052365E-08   7.62324248E-09   4.56435201E-09   2.11798712E-09   5.96545369E-10   5.35389546E-08   9.57726955E+00   -7.36810416E-02   1.28560469E-01   1.11132331E-01   9.52990437E+00   -1.68604087E-02   3.78164947E-02   1.11766256E-01   9.72636986E+00   -3.56172286E-02   1.16156720E-01   1.09497540E-01   1.68276083E+00   1.59297575E+06   7.33273602E+00   1.68270886E+00   1.59542575E+06   7.33808851E+00   1.68235731E+00   1.61014888E+06   7.37025118E+00 
0 1010 9.22606380E-10   6.13754878E-08   7.46134621E-09   4.51180071E-09   2.02548511E-09   5.95911154E-10   5.24904600E-08   9.57718086E+00   -7.37076327E-02   1.28603697E-01   1.11133918E-01   9.52974987E+00   -1.68009363E-02   3.78525108E-02   1.11769140E-01   9.72529507E+00   -3.53401415E-02   1.15977399E-01   1.09510489E-01   1.68276262E+00   1.59288962E+06   7.33254814E+00   1.68271840E+00   1.59498325E+06   7.33712149E+00   1.68236029E+00   1.61003538E+06   7.37000370E+00 
0 1020 8.81162865E-10   6.06719865E-08   7.26335481E-09   4.40668391E-09   1.97922168E-09   5.95260619E-10   5.14728029E-08   9.57711315E+00   -7.37378001E-02   1.28645703E-01   1.11135297E-01   9.52957726E+00   -1.67447850E-02   3.79076488E-02   1.11772217E-01   9.72410393E+00   -3.50534618E-02   1.15805715E-01   1.09524645E-01   1.68276417E+00   1.59281250E+06   7.33237934E+00   1.68272889E+00   1.59449162E+06   7.33604765E+00   1.68236339E+00   1.60991488E+06   7.36974049E+00 
0 1030 8.54029347E-10   5.99887073E-08   7.05737246E-09   4.26384039E-09   1.96253991E-09   5.94597094E-10   5.05004394E-08   9.57706547E+00   -7.37683997E-02   1.28684103E-01   1.11136489E-01   9.52940464E+00   -1.66922417E-02   3.79886627E-02   1.11775272E-01   9.72279930E+00   -3.47580314E-02   1.15668289E-01   1.09540001E-01   1.68276560E+00   1.59274450E+06   7.33223104E+00   1.68274033E+00   1.59395062E+06   7.33486557E+00   1.68236649E+00   1.60979450E+06   7.36947727E+00 
0 1040 8.41919423E-10   5.93194436E-08   6.87341606E-09   4.12081613E-09   1.94701832E-09   5.93921246E-10   4.95822228E-08   9.57703209E+00   -7.37966374E-02   1.28717244E-01   1.11137554E-01   9.52925682E+00   -1.66427940E-02   3.80954742E-02   1.11778088E-01   9.72140217E+00   -3.44581157E-02   1.15574777E-01   1.09556377E-01   1.68276691E+00   1.59268388E+06   7.33209848E+00   1.68275261E+00   1.59336850E+06   7.33359432E+00   1.68236947E+00   1.60968312E+06   7.36923409E+00 
0 1050 8.45681969E-10   5.86557967E-08   6.71938727E-09   4.00191214E-09   1.93442395E-09   5.93241956E-10   4.86966734E-08   9.57700539E+00   -7.38205388E-02   1.28744587E-01   1.11138552E-01   9.52914906E+00   -1.65957492E-02   3.82198542E-02   1.11780502E-01   9.71994209E+00   -3.41593996E-02   1.15516320E-01   1.09573491E-01   1.68276799E+00   1.59262875E+06   7.33197832E+00   1.68276536E+00   1.59275838E+06   7.33226156E+00   1.68237185E+00   1.60958850E+06   7.36902761E+00 
0 1060 8.65711891E-10   5.79922279E-08   6.58339472E-09   3.90315469E-09   1.95191596E-09   5.92563387E-10   4.78314703E-08   9.57698154E+00   -7.38393441E-02   1.28767371E-01   1.11139536E-01   9.52908802E+00   -1.65504422E-02   3.83467339E-02   1.11782439E-01   9.71844482E+00   -3.38652320E-02   1.15470827E-01   1.09591119E-01   1.68276906E+00   1.59257675E+06   7.33186436E+00   1.68277824E+00   1.59213212E+06   7.33089304E+00   1.68237376E+00   1.60951475E+06   7.36886644E+00 
0 1070 8.96457020E-10   5.73266838E-08   6.45438636E-09   3.81452248E-09   2.01041295E-09   5.91888427E-10   4.69871644E-08   9.57695770E+00   -7.38534927E-02   1.28788829E-01   1.11140527E-01   9.52907181E+00   -1.65063664E-02   3.84583995E-02   1.11783952E-01   9.71692181E+00   -3.35733555E-02   1.15411848E-01   1.09609157E-01   1.68277013E+00   1.59252625E+06   7.33175421E+00   1.68279123E+00   1.59149600E+06   7.32950354E+00   1.68237519E+00   1.60946150E+06   7.36875010E+00 
0 1080 9.25335086E-10   5.66632146E-08   6.34024966E-09   3.74479470E-09   2.08091300E-09   5.91215410E-10   4.61923584E-08   9.57693291E+00   -7.38643706E-02   1.28813386E-01   1.11141533E-01   9.52908421E+00   -1.64634977E-02   3.85402180E-02   1.11785173E-01   9.71536732E+00   -3.32752168E-02   1.15317218E-01   1.09627679E-01   1.68277121E+00   1.59247688E+06   7.33164644E+00   1.68280435E+00   1.59084850E+06   7.32808924E+00   1.68237615E+00   1.60942450E+06   7.36866903E+00 
0 1090 9.38797373E-10   5.60103075E-08   6.25993257E-09   3.71725362E-09   2.11604823E-09   5.90542171E-10   4.54616362E-08   9.57691097E+00   -7.38739893E-02   1.28844932E-01   1.11142509E-01   9.52910805E+00   -1.64222810E-02   3.85857038E-02   1.11786284E-01   9.71375847E+00   -3.29593793E-02   1.15174577E-01   1.09646894E-01   1.68277216E+00   1.59242938E+06   7.33154249E+00   1.68281782E+00   1.59018162E+06   7.32663250E+00   1.68237686E+00   1.60939612E+06   7.36860704E+00 
0 1100 9.29804234E-10   5.53756401E-08   6.21239016E-09   3.74283227E-09   2.08911888E-09   5.89860605E-10   4.47855051E-08   9.57689571E+00   -7.38843605E-02   1.28884628E-01   1.11143425E-01   9.52912235E+00   -1.63834430E-02   3.85988913E-02   1.11787476E-01   9.71206856E+00   -3.26170698E-02   1.14982881E-01   1.09667078E-01   1.68277299E+00   1.59238525E+06   7.33144617E+00   1.68283165E+00   1.58948375E+06   7.32510805E+00   1.68237758E+00   1.60936825E+06   7.36854601E+00 
0 1110 9.00835462E-10   5.47642927E-08   6.17325036E-09   3.79590448E-09   2.01080352E-09   5.89164328E-10   4.41576447E-08   9.57689190E+00   -7.38968849E-02   1.28929928E-01   1.11144237E-01   9.52911568E+00   -1.63477939E-02   3.85929719E-02   1.11788876E-01   9.71026897E+00   -3.22459601E-02   1.14750750E-01   1.09688498E-01   1.68277383E+00   1.59234600E+06   7.33136034E+00   1.68284619E+00   1.58874325E+06   7.32349014E+00   1.68237853E+00   1.60933400E+06   7.36847162E+00 
0 1120 8.61475391E-10   5.41760699E-08   6.10893691E-09   3.82945897E-09   1.91709626E-09   5.88448568E-10   4.35730243E-08   9.57690048E+00   -7.39118308E-02   1.28975064E-01   1.11144938E-01   9.52907944E+00   -1.63158588E-02   3.85857895E-02   1.11790538E-01   9.70834255E+00   -3.18503827E-02   1.14492990E-01   1.09711319E-01   1.68277454E+00   1.59231275E+06   7.33128786E+00   1.68286157E+00   1.58795150E+06   7.32176065E+00   1.68237960E+00   1.60928975E+06   7.36837482E+00 
0 1130 8.22429014E-10   5.36087832E-08   6.00416739E-09   3.80839094E-09   1.83963267E-09   5.87707161E-10   4.30260236E-08   9.57692242E+00   -7.39283636E-02   1.29013240E-01   1.11145511E-01   9.52901840E+00   -1.62875503E-02   3.85941230E-02   1.11792423E-01   9.70628166E+00   -3.14382724E-02   1.14226751E-01   1.09735616E-01   1.68277514E+00   1.59228588E+06   7.33122873E+00   1.68287778E+00   1.58710438E+06   7.31991005E+00   1.68238103E+00   1.60923550E+06   7.36825609E+00 
0 1140 7.90757071E-10   5.30584821E-08   5.87173909E-09   3.73479603E-09   1.78436488E-09   5.86936111E-10   4.25118643E-08   9.57695389E+00   -7.39447922E-02   1.29039168E-01   1.11146003E-01   9.52894592E+00   -1.62622333E-02   3.86287235E-02   1.11794412E-01   9.70409012E+00   -3.10169589E-02   1.13967568E-01   1.09761342E-01   1.68277550E+00   1.59226425E+06   7.33118153E+00   1.68289471E+00   1.58620275E+06   7.31794024E+00   1.68238258E+00   1.60917500E+06   7.36812401E+00 
0 1150 7.69781794E-10   5.25214787E-08   5.73962566E-09   3.63661568E-09   1.74202208E-09   5.86130866E-10   4.20258495E-08   9.57699013E+00   -7.39591718E-02   1.29051119E-01   1.11146457E-01   9.52887630E+00   -1.62389390E-02   3.86915430E-02   1.11796349E-01   9.70177937E+00   -3.05897016E-02   1.13725238E-01   1.09788410E-01   1.68277597E+00   1.59224588E+06   7.33114195E+00   1.68291235E+00   1.58525100E+06   7.31586123E+00   1.68238413E+00   1.60911475E+06   7.36799240E+00 
0 1160 7.61762264E-10   5.19922132E-08   5.62771074E-09   3.54519969E-09   1.71374859E-09   5.85292093E-10   4.15697734E-08   9.57702541E+00   -7.39698559E-02   1.29051417E-01   1.11146934E-01   9.52882767E+00   -1.62166040E-02   3.87756750E-02   1.11798093E-01   9.69936562E+00   -3.01546566E-02   1.13501266E-01   1.09816670E-01   1.68277633E+00   1.59222838E+06   7.33110332E+00   1.68293059E+00   1.58425612E+06   7.31368780E+00   1.68238556E+00   1.60906150E+06   7.36787605E+00 
0 1170 7.67664987E-10   5.14641236E-08   5.53881829E-09   3.47754003E-09   1.71540726E-09   5.84419790E-10   4.11500949E-08   9.57705402E+00   -7.39759877E-02   1.29045412E-01   1.11147478E-01   9.52881050E+00   -1.61945727E-02   3.88678946E-02   1.11799516E-01   9.69686222E+00   -2.97073964E-02   1.13288254E-01   1.09845996E-01   1.68277669E+00   1.59220950E+06   7.33106232E+00   1.68294907E+00   1.58322450E+06   7.31143427E+00   1.68238664E+00   1.60902075E+06   7.36778688E+00 
0 1180 7.83681842E-10   5.09325027E-08   5.46984547E-09   3.43885920E-09   1.75319825E-09   5.83510906E-10   4.07631298E-08   9.57707310E+00   -7.39777163E-02   1.29039526E-01   1.11148119E-01   9.52882671E+00   -1.61727909E-02   3.89525443E-02   1.11800618E-01   9.69427872E+00   -2.92439740E-02   1.13071799E-01   1.09876335E-01   1.68277717E+00   1.59218750E+06   7.33101416E+00   1.68296790E+00   1.58216062E+06   7.30911016E+00   1.68238723E+00   1.60899488E+06   7.36773062E+00 
0 1190 7.99933897E-10   5.03979400E-08   5.42601697E-09   3.43670070E-09   1.80323112E-09   5.82564663E-10   4.03900167E-08   9.57708359E+00   -7.39760250E-02   1.29039213E-01   1.11148857E-01   9.52887154E+00   -1.61515474E-02   3.90158854E-02   1.11801453E-01   9.69161320E+00   -2.87626442E-02   1.12834819E-01   1.09907687E-01   1.68277764E+00   1.59216250E+06   7.33095932E+00   1.68298674E+00   1.58106525E+06   7.30671692E+00   1.68238759E+00   1.60898238E+06   7.36770296E+00 
0 1200 8.05034706E-10   4.98678183E-08   5.41419443E-09   3.48232687E-09   1.82620485E-09   5.81577120E-10   4.00222788E-08   9.57708931E+00   -7.39724562E-02   1.29047379E-01   1.11149661E-01   9.52893066E+00   -1.61313228E-02   3.90498154E-02   1.11802153E-01   9.68885708E+00   -2.82638557E-02   1.12563394E-01   1.09940149E-01   1.68277824E+00   1.59213538E+06   7.33090019E+00   1.68300593E+00   1.57993500E+06   7.30424833E+00   1.68238771E+00   1.60897838E+06   7.36769485E+00 
0 1210 7.92376442E-10   4.93521881E-08   5.42878764E-09   3.57039442E-09   1.79760151E-09   5.80551995E-10   3.96664461E-08   9.57709408E+00   -7.39686638E-02   1.29063860E-01   1.11150481E-01   9.52898502E+00   -1.61125734E-02   3.90539989E-02   1.11802898E-01   9.68599510E+00   -2.77486816E-02   1.12251565E-01   1.09973870E-01   1.68277872E+00   1.59210825E+06   7.33084106E+00   1.68302536E+00   1.57876388E+06   7.30168962E+00   1.68238771E+00   1.60897625E+06   7.36769009E+00 
0 1220 7.63455632E-10   4.88590821E-08   5.44608492E-09   3.66976050E-09   1.72380787E-09   5.79482573E-10   3.93258972E-08   9.57710457E+00   -7.39660040E-02   1.29085645E-01   1.11151263E-01   9.52902126E+00   -1.60954241E-02   3.90358642E-02   1.11803822E-01   9.68301010E+00   -2.72167157E-02   1.11903325E-01   1.10009000E-01   1.68277931E+00   1.59208325E+06   7.33078623E+00   1.68304515E+00   1.57754438E+06   7.29902554E+00   1.68238795E+00   1.60896900E+06   7.36767435E+00 
0 1230 7.26264549E-10   4.83929554E-08   5.43445688E-09   3.73783227E-09   1.63488412E-09   5.78371240E-10   3.89992856E-08   9.57712269E+00   -7.39652589E-02   1.29107982E-01   1.11151986E-01   9.52902794E+00   -1.60798430E-02   3.90084200E-02   1.11805029E-01   9.67988968E+00   -2.66657639E-02   1.11530952E-01   1.10045657E-01   1.68277967E+00   1.59206200E+06   7.33073997E+00   1.68306530E+00   1.57627062E+06   7.29624319E+00   1.68238842E+00   1.60895188E+06   7.36763668E+00 
0 1240 6.90310475E-10   4.79527635E-08   5.37760991E-09   3.74515086E-09   1.56066549E-09   5.77213388E-10   3.86796408E-08   9.57714844E+00   -7.39664957E-02   1.29125595E-01   1.11152649E-01   9.52900505E+00   -1.60657875E-02   3.89863700E-02   1.11806519E-01   9.67663002E+00   -2.60937717E-02   1.11150451E-01   1.10083878E-01   1.68278003E+00   1.59204512E+06   7.33070326E+00   1.68308580E+00   1.57494000E+06   7.29333639E+00   1.68238914E+00   1.60892300E+06   7.36757326E+00 
0 1250 6.61844635E-10   4.75334900E-08   5.28345900E-09   3.69098507E-09   1.50930191E-09   5.76007908E-10   3.83605467E-08   9.57718086E+00   -7.39691034E-02   1.29134238E-01   1.11153267E-01   9.52895927E+00   -1.60531383E-02   3.89817767E-02   1.11808218E-01   9.67323589E+00   -2.55008750E-02   1.10776246E-01   1.10123627E-01   1.68278027E+00   1.59203200E+06   7.33067465E+00   1.68310666E+00   1.57355350E+06   7.29030752E+00   1.68239009E+00   1.60888425E+06   7.36748886E+00 
0 1260 6.43040510E-10   4.71282320E-08   5.17645926E-09   3.60202690E-09   1.47135559E-09   5.74758519E-10   3.80423373E-08   9.57721329E+00   -7.39720017E-02   1.29131824E-01   1.11153901E-01   9.52890396E+00   -1.60417799E-02   3.90006192E-02   1.11810014E-01   9.66971874E+00   -2.48903539E-02   1.10417262E-01   1.10164784E-01   1.68278050E+00   1.59202062E+06   7.33064985E+00   1.68312752E+00   1.57211588E+06   7.28716707E+00   1.68239129E+00   1.60884038E+06   7.36739302E+00 
0 1270 6.34504893E-10   4.67274042E-08   5.08032816E-09   3.51385188E-09   1.44172141E-09   5.73471493E-10   3.77223728E-08   9.57724094E+00   -7.39739239E-02   1.29118994E-01   1.11154594E-01   9.52885246E+00   -1.60316732E-02   3.90412994E-02   1.11811750E-01   9.66609383E+00   -2.42682155E-02   1.10074639E-01   1.10207222E-01   1.68278074E+00   1.59200875E+06   7.33062363E+00   1.68314850E+00   1.57063325E+06   7.28392792E+00   1.68239236E+00   1.60879725E+06   7.36729908E+00 
0 1280 6.37009445E-10   4.63217091E-08   5.00630781E-09   3.45132101E-09   1.43237622E-09   5.72150105E-10   3.74039359E-08   9.57725811E+00   -7.39737526E-02   1.29099026E-01   1.11155398E-01   9.52881718E+00   -1.60226580E-02   3.90954465E-02   1.11813329E-01   9.66237450E+00   -2.36402322E-02   1.09742031E-01   1.10250793E-01   1.68278110E+00   1.59199412E+06   7.33059168E+00   1.68316925E+00   1.56911212E+06   7.28060532E+00   1.68239331E+00   1.60876025E+06   7.36721802E+00 
0 1290 6.49299947E-10   4.59051464E-08   4.95697527E-09   3.42376483E-09   1.45669832E-09   5.70800851E-10   3.70935211E-08   9.57726192E+00   -7.39707947E-02   1.29076898E-01   1.11156337E-01   9.52880478E+00   -1.60143245E-02   3.91507149E-02   1.11814700E-01   9.65857220E+00   -2.30092332E-02   1.09407276E-01   1.10295430E-01   1.68278146E+00   1.59197525E+06   7.33055067E+00   1.68318963E+00   1.56755725E+06   7.27720833E+00   1.68239403E+00   1.60873238E+06   7.36715698E+00 
0 1300 6.65595412E-10   4.54776981E-08   4.93412200E-09   3.43322593E-09   1.50617618E-09   5.69431113E-10   3.67913238E-08   9.57725239E+00   -7.39649832E-02   1.29057914E-01   1.11157417E-01   9.52881050E+00   -1.60060637E-02   3.91946174E-02   1.11815892E-01   9.65468884E+00   -2.23741755E-02   1.09058805E-01   1.10341087E-01   1.68278193E+00   1.59195175E+06   7.33049917E+00   1.68320978E+00   1.56597075E+06   7.27374268E+00   1.68239450E+00   1.60871375E+06   7.36711645E+00 
0 1310 6.77303214E-10   4.50462281E-08   4.93876273E-09   3.47892781E-09   1.55114210E-09   5.68040059E-10   3.64900536E-08   9.57723331E+00   -7.39568025E-02   1.29046157E-01   1.11158594E-01   9.52882671E+00   -1.59973782E-02   3.92180867E-02   1.11816987E-01   9.65072346E+00   -2.17312835E-02   1.08688377E-01   1.10387780E-01   1.68278253E+00   1.59192438E+06   7.33043957E+00   1.68322945E+00   1.56435225E+06   7.27020693E+00   1.68239486E+00   1.60870175E+06   7.36709023E+00 
0 1320 6.77703171E-10   4.46216859E-08   4.96514563E-09   3.55252117E-09   1.56388946E-09   5.66627134E-10   3.61856358E-08   9.57720757E+00   -7.39472210E-02   1.29043505E-01   1.11159846E-01   9.52884197E+00   -1.59879662E-02   3.92179228E-02   1.11818105E-01   9.64666939E+00   -2.10765321E-02   1.08292341E-01   1.10435568E-01   1.68278313E+00   1.59189488E+06   7.33037472E+00   1.68324876E+00   1.56269912E+06   7.26659584E+00   1.68239510E+00   1.60869162E+06   7.36706829E+00 
0 1330 6.65595967E-10   4.42149926E-08   4.99474195E-09   3.63374419E-09   1.53759572E-09   5.65194336E-10   3.58805998E-08   9.57718182E+00   -7.39374310E-02   1.29049137E-01   1.11161105E-01   9.52884197E+00   -1.59780178E-02   3.91973518E-02   1.11819357E-01   9.64251995E+00   -2.04081517E-02   1.07873335E-01   1.10484503E-01   1.68278372E+00   1.59186525E+06   7.33031034E+00   1.68326759E+00   1.56100800E+06   7.26290131E+00   1.68239546E+00   1.60867838E+06   7.36703920E+00 
0 1340 6.45426101E-10   4.38325465E-08   5.00211339E-09   3.69384145E-09   1.48767720E-09   5.63742164E-10   3.55804168E-08   9.57715893E+00   -7.39285946E-02   1.29059911E-01   1.11162342E-01   9.52882004E+00   -1.59681533E-02   3.91648412E-02   1.11820832E-01   9.63826752E+00   -1.97277013E-02   1.07439846E-01   1.10534653E-01   1.68278432E+00   1.59183738E+06   7.33024931E+00   1.68328595E+00   1.55927562E+06   7.25911665E+00   1.68239594E+00   1.60865788E+06   7.36699438E+00 
0 1350 6.24024943E-10   4.34746354E-08   4.97193620E-09   3.71055475E-09   1.43737133E-09   5.62268843E-10   3.52874565E-08   9.57714176E+00   -7.39215612E-02   1.29071340E-01   1.11163534E-01   9.52877331E+00   -1.59592126E-02   3.91314961E-02   1.11822546E-01   9.63391018E+00   -1.90392192E-02   1.07003458E-01   1.10586017E-01   1.68278480E+00   1.59181250E+06   7.33019495E+00   1.68330383E+00   1.55750038E+06   7.25523853E+00   1.68239677E+00   1.60862788E+06   7.36692858E+00 
0 1360 6.06476480E-10   4.31347793E-08   4.90845720E-09   3.68035091E-09   1.39954415E-09   5.60773483E-10   3.50012890E-08   9.57713032E+00   -7.39166811E-02   1.29078910E-01   1.11164674E-01   9.52870369E+00   -1.59520023E-02   3.91079262E-02   1.11824453E-01   9.62945271E+00   -1.83470733E-02   1.06575608E-01   1.10638566E-01   1.68278527E+00   1.59179100E+06   7.33014774E+00   1.68332112E+00   1.55568312E+06   7.25126886E+00   1.68239772E+00   1.60858900E+06   7.36684418E+00 
0 1370 5.94375327E-10   4.28039186E-08   4.83108487E-09   3.61960195E-09   1.37175327E-09   5.59254920E-10   3.47210829E-08   9.57712269E+00   -7.39137754E-02   1.29079208E-01   1.11165784E-01   9.52862263E+00   -1.59470215E-02   3.91013473E-02   1.11826472E-01   9.62490273E+00   -1.76541358E-02   1.06164582E-01   1.10692210E-01   1.68278563E+00   1.59177225E+06   7.33010721E+00   1.68333769E+00   1.55382712E+06   7.24721432E+00   1.68239892E+00   1.60854425E+06   7.36674643E+00 
0 1380 5.87416005E-10   4.24725570E-08   4.76174877E-09   3.55358187E-09   1.34823452E-09   5.57710766E-10   3.44457156E-08   9.57711697E+00   -7.39122257E-02   1.29070908E-01   1.11166902E-01   9.52853966E+00   -1.59442928E-02   3.91137786E-02   1.11828499E-01   9.62027359E+00   -1.69620551E-02   1.05773680E-01   1.10746823E-01   1.68278599E+00   1.59175500E+06   7.33006907E+00   1.68335354E+00   1.55193775E+06   7.24308681E+00   1.68240011E+00   1.60849775E+06   7.36664486E+00 
0 1390 5.85439419E-10   4.21330846E-08   4.71203698E-09   3.50357077E-09   1.33183764E-09   5.56141522E-10   3.41748532E-08   9.57710743E+00   -7.39111900E-02   1.29055023E-01   1.11168049E-01   9.52846622E+00   -1.59434006E-02   3.91416997E-02   1.11830428E-01   9.61557865E+00   -1.62712988E-02   1.05400987E-01   1.10802263E-01   1.68278635E+00   1.59173738E+06   7.33003092E+00   1.68336833E+00   1.55002100E+06   7.23889971E+00   1.68240118E+00   1.60845400E+06   7.36654902E+00 
0 1400 5.88374627E-10   4.17815649E-08   4.68145034E-09   3.47838869E-09   1.33184797E-09   5.54547464E-10   3.39078134E-08   9.57709122E+00   -7.39098340E-02   1.29034609E-01   1.11169264E-01   9.52840805E+00   -1.59435663E-02   3.91772203E-02   1.11832216E-01   9.61083126E+00   -1.55818565E-02   1.05040319E-01   1.10858411E-01   1.68278670E+00   1.59171812E+06   7.32998848E+00   1.68338227E+00   1.54808200E+06   7.23466396E+00   1.68240213E+00   1.60841650E+06   7.36646700E+00 
0 1410 5.94537031E-10   4.14187653E-08   4.66432981E-09   3.47593776E-09   1.35046541E-09   5.52931478E-10   3.36433850E-08   9.57706833E+00   -7.39076063E-02   1.29013941E-01   1.11170553E-01   9.52836609E+00   -1.59438942E-02   3.92104834E-02   1.11833833E-01   9.60603809E+00   -1.48941334E-02   1.04683816E-01   1.10915199E-01   1.68278718E+00   1.59169600E+06   7.32994032E+00   1.68339515E+00   1.54612425E+06   7.23038721E+00   1.68240297E+00   1.60838650E+06   7.36640167E+00 
0 1420 5.99854943E-10   4.10508108E-08   4.65689354E-09   3.49107054E-09   1.37468448E-09   5.51299673E-10   3.33816281E-08   9.57703686E+00   -7.39043579E-02   1.28997311E-01   1.11171924E-01   9.52833939E+00   -1.59436446E-02   3.92325111E-02   1.11835331E-01   9.60120106E+00   -1.42096244E-02   1.04324751E-01   1.10972606E-01   1.68278766E+00   1.59167112E+06   7.32988596E+00   1.68340683E+00   1.54414875E+06   7.22607136E+00   1.68240345E+00   1.60836338E+06   7.36635113E+00 
0 1430 5.99719108E-10   4.06862561E-08   4.65785144E-09   3.51828056E-09   1.38456013E-09   5.49655765E-10   3.31229231E-08   9.57700157E+00   -7.39004090E-02   1.28987893E-01   1.11173339E-01   9.52831745E+00   -1.59424450E-02   3.92377302E-02   1.11836776E-01   9.59631729E+00   -1.35300877E-02   1.03959568E-01   1.11030631E-01   1.68278825E+00   1.59164400E+06   7.32982683E+00   1.68341744E+00   1.54215500E+06   7.22171640E+00   1.68240404E+00   1.60834475E+06   7.36631012E+00 
0 1440 5.91757143E-10   4.03328535E-08   4.66275996E-09   3.54953666E-09   1.36784939E-09   5.47999757E-10   3.28673337E-08   9.57696438E+00   -7.38964304E-02   1.28986865E-01   1.11174777E-01   9.52829266E+00   -1.59404147E-02   3.92253697E-02   1.11838259E-01   9.59138489E+00   -1.28558846E-02   1.03588425E-01   1.11089304E-01   1.68278885E+00   1.59161650E+06   7.32976675E+00   1.68342698E+00   1.54014162E+06   7.21731806E+00   1.68240440E+00   1.60832675E+06   7.36627102E+00 
0 1450 5.77240589E-10   3.99946813E-08   4.66243710E-09   3.57299368E-09   1.32770661E-09   5.46330592E-10   3.26146896E-08   9.57693005E+00   -7.38932118E-02   1.28993094E-01   1.11176193E-01   9.52825642E+00   -1.59381069E-02   3.91994305E-02   1.11839853E-01   9.58640099E+00   -1.21859666E-02   1.03215285E-01   1.11148641E-01   1.68278933E+00   1.59159000E+06   7.32970905E+00   1.68343520E+00   1.53810700E+06   7.21287298E+00   1.68240499E+00   1.60830625E+06   7.36622620E+00 
0 1460 5.60159197E-10   3.96718960E-08   4.64806549E-09   3.57610141E-09   1.27889388E-09   5.44649936E-10   3.23646532E-08   9.57690144E+00   -7.38914534E-02   1.29003465E-01   1.11177556E-01   9.52820492E+00   -1.59362722E-02   3.91672924E-02   1.11841589E-01   9.58136463E+00   -1.15201306E-02   1.02847166E-01   1.11208640E-01   1.68278980E+00   1.59156638E+06   7.32965755E+00   1.68344223E+00   1.53605025E+06   7.20838022E+00   1.68240559E+00   1.60828050E+06   7.36616993E+00 
0 1470 5.44833345E-10   3.93609447E-08   4.61740335E-09   3.55339758E-09   1.23710375E-09   5.42957179E-10   3.21174092E-08   9.57688236E+00   -7.38915280E-02   1.29013866E-01   1.11178845E-01   9.52813721E+00   -1.59355681E-02   3.91374826E-02   1.11843474E-01   9.57627964E+00   -1.08592650E-02   1.02491930E-01   1.11269265E-01   1.68279028E+00   1.59154662E+06   7.32961416E+00   1.68344808E+00   1.53397238E+06   7.20384073E+00   1.68240643E+00   1.60824888E+06   7.36610079E+00 
0 1480 5.33767808E-10   3.90567791E-08   4.57671501E-09   3.50999385E-09   1.20946542E-09   5.41252376E-10   3.18744888E-08   9.57686996E+00   -7.38934204E-02   1.29020333E-01   1.11180067E-01   9.52805710E+00   -1.59364417E-02   3.91172618E-02   1.11845456E-01   9.57115078E+00   -1.02046998E-02   1.02156080E-01   1.11330435E-01   1.68279052E+00   1.59153075E+06   7.32957935E+00   1.68345261E+00   1.53187562E+06   7.19926023E+00   1.68240738E+00   1.60821238E+06   7.36602116E+00 
0 1490 5.27310917E-10   3.87538570E-08   4.53674076E-09   3.45927798E-09   1.19452881E-09   5.39535250E-10   3.16354267E-08   9.57686234E+00   -7.38967434E-02   1.29020184E-01   1.11181237E-01   9.52797318E+00   -1.59390718E-02   3.91107462E-02   1.11847475E-01   9.56598949E+00   -9.55792516E-03   1.01843178E-01   1.11392073E-01   1.68279088E+00   1.59151812E+06   7.32955170E+00   1.68345571E+00   1.52976350E+06   7.19464636E+00   1.68240833E+00   1.60817338E+06   7.36593580E+00 
0 1500 5.24910893E-10   3.84465828E-08   4.50534898E-09   3.41459194E-09   1.18986743E-09   5.37805689E-10   3.13976081E-08   9.57685757E+00   -7.39009008E-02   1.29012838E-01   1.11182399E-01   9.52789116E+00   -1.59432851E-02   3.91180329E-02   1.11849457E-01   9.56080246E+00   -8.92081577E-03   1.01553589E-01   1.11454092E-01   1.68279099E+00   1.59150712E+06   7.32952785E+00   1.68345749E+00   1.52764000E+06   7.19000769E+00   1.68240941E+00   1.60813475E+06   7.36585140E+00 
0 1510 5.25974875E-10   3.81313683E-08   4.48391280E-09   3.38316064E-09   1.19634636E-09   5.36065692E-10   3.11578141E-08   9.57684994E+00   -7.39052668E-02   1.28999889E-01   1.11183576E-01   9.52781868E+00   -1.59486067E-02   3.91355827E-02   1.11851342E-01   9.55559921E+00   -8.29489995E-03   1.01284310E-01   1.11516401E-01   1.68279123E+00   1.59149625E+06   7.32950401E+00   1.68345785E+00   1.52550888E+06   7.18535185E+00   1.68241024E+00   1.60809950E+06   7.36577463E+00 
0 1520 5.29499167E-10   3.78073501E-08   4.46918458E-09   3.36430639E-09   1.21424470E-09   5.34318534E-10   3.09166239E-08   9.57683754E+00   -7.39094242E-02   1.28984734E-01   1.11184806E-01   9.52775860E+00   -1.59545150E-02   3.91575210E-02   1.11853100E-01   9.55038452E+00   -7.68103311E-03   1.01030193E-01   1.11578949E-01   1.68279147E+00   1.59148412E+06   7.32947731E+00   1.68345678E+00   1.52337288E+06   7.18068552E+00   1.68241107E+00   1.60806938E+06   7.36570883E+00 
0 1530 5.33411815E-10   3.74783689E-08   4.45773374E-09   3.35394379E-09   1.23770572E-09   5.32566324E-10   3.06771888E-08   9.57681847E+00   -7.39132091E-02   1.28971562E-01   1.11186087E-01   9.52770996E+00   -1.59606058E-02   3.91773917E-02   1.11854747E-01   9.54516315E+00   -7.07881059E-03   1.00785986E-01   1.11641698E-01   1.68279183E+00   1.59146975E+06   7.32944632E+00   1.68345428E+00   1.52123388E+06   7.17601299E+00   1.68241167E+00   1.60804512E+06   7.36565590E+00 
0 1540 5.34861933E-10   3.71498885E-08   4.44811832E-09   3.34757244E-09   1.25500199E-09   5.30811728E-10   3.04392707E-08   9.57679462E+00   -7.39167556E-02   1.28964141E-01   1.11187421E-01   9.52767181E+00   -1.59665979E-02   3.91899459E-02   1.11856297E-01   9.53993416E+00   -6.48749620E-03   1.00548260E-01   1.11704618E-01   1.68279219E+00   1.59145338E+06   7.32941055E+00   1.68345034E+00   1.51909250E+06   7.17133522E+00   1.68241215E+00   1.60802575E+06   7.36561346E+00 
0 1550 5.31554412E-10   3.68272275E-08   4.43925208E-09   3.34195538E-09   1.25536315E-09   5.29057020E-10   3.01982759E-08   9.57676888E+00   -7.39203766E-02   1.28964797E-01   1.11188769E-01   9.52763844E+00   -1.59724113E-02   3.91924009E-02   1.11857802E-01   9.53469944E+00   -5.90667268E-03   1.00316450E-01   1.11767717E-01   1.68279254E+00   1.59143612E+06   7.32937288E+00   1.68344498E+00   1.51694862E+06   7.16665173E+00   1.68241251E+00   1.60800962E+06   7.36557817E+00 
0 1560 5.23090515E-10   3.65136898E-08   4.42928627E-09   3.33367978E-09   1.23567556E-09   5.27302368E-10   2.99490637E-08   9.57674503E+00   -7.39244148E-02   1.28973722E-01   1.11190096E-01   9.52760315E+00   -1.59781575E-02   3.91849317E-02   1.11859314E-01   9.52945518E+00   -5.33632841E-03   1.00092620E-01   1.11830994E-01   1.68279278E+00   1.59141950E+06   7.32933617E+00   1.68343830E+00   1.51480150E+06   7.16196108E+00   1.68241298E+00   1.60799462E+06   7.36554527E+00 
0 1570 5.11120424E-10   3.62099364E-08   4.41560477E-09   3.31916006E-09   1.20169696E-09   5.25548549E-10   2.96892466E-08   9.57672691E+00   -7.39291161E-02   1.28988877E-01   1.11191355E-01   9.52756405E+00   -1.59840491E-02   3.91703285E-02   1.11860864E-01   9.52420330E+00   -4.77725174E-03   9.98808071E-02   1.11894444E-01   1.68279314E+00   1.59140525E+06   7.32930517E+00   1.68342996E+00   1.51265075E+06   7.15726280E+00   1.68241334E+00   1.60797875E+06   7.36551094E+00 
0 1580 4.98426467E-10   3.59133345E-08   4.39694281E-09   3.29605832E-09   1.16428844E-09   5.23795896E-10   2.94206188E-08   9.57671833E+00   -7.39345104E-02   1.29006594E-01   1.11192532E-01   9.52751923E+00   -1.59903280E-02   3.91530097E-02   1.11862458E-01   9.51894379E+00   -4.23025666E-03   9.96856838E-02   1.11958057E-01   1.68279338E+00   1.59139500E+06   7.32928276E+00   1.68342030E+00   1.51049688E+06   7.15255737E+00   1.68241382E+00   1.60796100E+06   7.36547184E+00 
0 1590 4.87504537E-10   3.56198875E-08   4.37430181E-09   3.26511751E-09   1.13329524E-09   5.22044685E-10   2.91466300E-08   9.57672119E+00   -7.39404187E-02   1.29022598E-01   1.11193605E-01   9.52746868E+00   -1.59972031E-02   3.91376577E-02   1.11864090E-01   9.51368046E+00   -3.69590498E-03   9.95106846E-02   1.12021774E-01   1.68279350E+00   1.59138925E+06   7.32927036E+00   1.68340921E+00   1.50834138E+06   7.14784908E+00   1.68241429E+00   1.60794112E+06   7.36542892E+00 
0 1600 4.79500495E-10   3.53253355E-08   4.35058300E-09   3.23029692E-09   1.11285603E-09   5.20295917E-10   2.88695663E-08   9.57673168E+00   -7.39465207E-02   1.29033148E-01   1.11194588E-01   9.52741623E+00   -1.60047915E-02   3.91279757E-02   1.11865729E-01   9.50842094E+00   -3.17405257E-03   9.93573889E-02   1.12085544E-01   1.68279350E+00   1.59138788E+06   7.32926750E+00   1.68339658E+00   1.50618675E+06   7.14314222E+00   1.68241477E+00   1.60792012E+06   7.36538267E+00 
0 1610 4.74277673E-10   3.50276039E-08   4.32889014E-09   3.19702242E-09   1.10207798E-09   5.18549814E-10   2.85908133E-08   9.57674885E+00   -7.39524662E-02   1.29036158E-01   1.11195520E-01   9.52736473E+00   -1.60131101E-02   3.91258486E-02   1.11867346E-01   9.50316906E+00   -2.66377651E-03   9.92256403E-02   1.12149283E-01   1.68279350E+00   1.59138950E+06   7.32927084E+00   1.68338263E+00   1.50403588E+06   7.13844299E+00   1.68241537E+00   1.60789912E+06   7.36533689E+00 
0 1620 4.71049366E-10   3.47259572E-08   4.31038805E-09   3.16824522E-09   1.09816434E-09   5.16807541E-10   2.83110353E-08   9.57676792E+00   -7.39580244E-02   1.29031703E-01   1.11196421E-01   9.52731800E+00   -1.60220955E-02   3.91310751E-02   1.11868896E-01   9.49793243E+00   -2.16511288E-03   9.91137400E-02   1.12212949E-01   1.68279338E+00   1.59139275E+06   7.32927799E+00   1.68336725E+00   1.50189112E+06   7.13375807E+00   1.68241584E+00   1.60787962E+06   7.36529446E+00 
0 1630 4.68850569E-10   3.44203244E-08   4.29333236E-09   3.14390292E-09   1.09828502E-09   5.15070542E-10   2.80304473E-08   9.57678509E+00   -7.39631504E-02   1.29022017E-01   1.11197345E-01   9.52727890E+00   -1.60316285E-02   3.91416736E-02   1.11870363E-01   9.49271584E+00   -1.67854351E-03   9.90191549E-02   1.12276472E-01   1.68279338E+00   1.59139550E+06   7.32928419E+00   1.68335044E+00   1.49975488E+06   7.12909126E+00   1.68241632E+00   1.60786300E+06   7.36525774E+00 
0 1640 4.66669037E-10   3.41122295E-08   4.27542668E-09   3.12212567E-09   1.09939280E-09   5.13340148E-10   2.77494241E-08   9.57679749E+00   -7.39680156E-02   1.29010707E-01   1.11198314E-01   9.52724838E+00   -1.60415377E-02   3.91546041E-02   1.11871749E-01   9.48752117E+00   -1.20382337E-03   9.89393666E-02   1.12339817E-01   1.68279326E+00   1.59139675E+06   7.32928658E+00   1.68333232E+00   1.49762862E+06   7.12444639E+00   1.68241668E+00   1.60784962E+06   7.36522865E+00 
0 1650 4.63476313E-10   3.38034596E-08   4.25567892E-09   3.10095460E-09   1.09749421E-09   5.11617970E-10   2.74680705E-08   9.57680416E+00   -7.39729702E-02   1.29001796E-01   1.11199327E-01   9.52722454E+00   -1.60516743E-02   3.91667187E-02   1.11873053E-01   9.48235226E+00   -7.41356402E-04   9.88722965E-02   1.12402961E-01   1.68279338E+00   1.59139575E+06   7.32928467E+00   1.68331301E+00   1.49551312E+06   7.11982489E+00   1.68241692E+00   1.60783962E+06   7.36520672E+00 
0 1660 4.58416027E-10   3.34964696E-08   4.23478097E-09   3.07901327E-09   1.08838305E-09   5.09905784E-10   2.71864913E-08   9.57680702E+00   -7.39783794E-02   1.28998548E-01   1.11200377E-01   9.52720642E+00   -1.60619114E-02   3.91755141E-02   1.11874312E-01   9.47720814E+00   -2.91316945E-04   9.88167897E-02   1.12465881E-01   1.68279338E+00   1.59139288E+06   7.32927847E+00   1.68329227E+00   1.49340900E+06   7.11522818E+00   1.68241704E+00   1.60783238E+06   7.36519098E+00 
0 1670 4.51256504E-10   3.31923182E-08   4.21348822E-09   3.05617776E-09   1.06999132E-09   5.08204478E-10   2.69053668E-08   9.57680893E+00   -7.39845335E-02   1.29002482E-01   1.11201428E-01   9.52719116E+00   -1.60721187E-02   3.91796902E-02   1.11875534E-01   9.47209072E+00   1.45809274E-04   9.87733528E-02   1.12528570E-01   1.68279350E+00   1.59138938E+06   7.32927084E+00   1.68327034E+00   1.49131650E+06   7.11065722E+00   1.68241715E+00   1.60782688E+06   7.36517906E+00 
0 1680 4.42627296E-10   3.28901102E-08   4.19201385E-09   3.03235814E-09   1.04403775E-09   5.06515163E-10   2.66246740E-08   9.57681465E+00   -7.39915147E-02   1.29013091E-01   1.11202441E-01   9.52717686E+00   -1.60822291E-02   3.91792729E-02   1.11876749E-01   9.46700096E+00   5.69715281E-04   9.87432152E-02   1.12590998E-01   1.68279350E+00   1.59138688E+06   7.32926512E+00   1.68324721E+00   1.48923625E+06   7.10611296E+00   1.68241727E+00   1.60782250E+06   7.36516953E+00 
0 1690 4.33823227E-10   3.25880976E-08   4.17064383E-09   3.00770431E-09   1.01563380E-09   5.04838782E-10   2.63447948E-08   9.57682705E+00   -7.39990994E-02   1.29027948E-01   1.11203395E-01   9.52716255E+00   -1.60922091E-02   3.91753912E-02   1.11877963E-01   9.46194267E+00   9.80075100E-04   9.87281203E-02   1.12653129E-01   1.68279350E+00   1.59138675E+06   7.32926512E+00   1.68322289E+00   1.48716900E+06   7.10159683E+00   1.68241739E+00   1.60781838E+06   7.36516047E+00 
0 1700 4.26171515E-10   3.22840847E-08   4.14885948E-09   2.98221026E-09   9.90771132E-10   5.03176667E-10   2.60661732E-08   9.57684708E+00   -7.40068629E-02   1.29043475E-01   1.11204267E-01   9.52714729E+00   -1.61020160E-02   3.91698256E-02   1.11879170E-01   9.45691776E+00   1.37656950E-03   9.87297893E-02   1.12714931E-01   1.68279338E+00   1.59139012E+06   7.32927227E+00   1.68319738E+00   1.48511612E+06   7.09711266E+00   1.68241751E+00   1.60781412E+06   7.36515093E+00 
0 1710 4.20380980E-10   3.19754037E-08   4.12685797E-09   2.95611824E-09   9.73229164E-10   5.01529873E-10   2.57889834E-08   9.57687569E+00   -7.40142167E-02   1.29055992E-01   1.11205056E-01   9.52713108E+00   -1.61115956E-02   3.91644575E-02   1.11880369E-01   9.45193100E+00   1.75866054E-03   9.87493396E-02   1.12776347E-01   1.68279326E+00   1.59139712E+06   7.32928753E+00   1.68317080E+00   1.48307950E+06   7.09266329E+00   1.68241763E+00   1.60780962E+06   7.36514139E+00 
0 1720 4.16283757E-10   3.16600790E-08   4.10475565E-09   2.93028002E-09   9.63144231E-10   4.99899011E-10   2.55145256E-08   9.57691002E+00   -7.40206093E-02   1.29062772E-01   1.11205794E-01   9.52711582E+00   -1.61209162E-02   3.91608179E-02   1.11881554E-01   9.44698715E+00   2.12589488E-03   9.87870544E-02   1.12837322E-01   1.68279314E+00   1.59140712E+06   7.32930946E+00   1.68314326E+00   1.48106100E+06   7.08825397E+00   1.68241775E+00   1.60780512E+06   7.36513186E+00 
0 1730 4.13153012E-10   3.13370911E-08   4.08288781E-09   2.90614532E-09   9.58189639E-10   4.98284969E-10   2.52434802E-08   9.57694626E+00   -7.40256980E-02   1.29062757E-01   1.11206502E-01   9.52710152E+00   -1.61299799E-02   3.91597450E-02   1.11882709E-01   9.44209003E+00   2.47777323E-03   9.88421962E-02   1.12897813E-01   1.68279290E+00   1.59141875E+06   7.32933474E+00   1.68311465E+00   1.47906262E+06   7.08388805E+00   1.68241787E+00   1.60780112E+06   7.36512280E+00 
0 1740 4.10191991E-10   3.10054311E-08   4.06083744E-09   2.88377500E-09   9.55509560E-10   4.96688413E-10   2.49774441E-08   9.57698154E+00   -7.40294009E-02   1.29056796E-01   1.11207217E-01   9.52709007E+00   -1.61388181E-02   3.91613431E-02   1.11883834E-01   9.43724537E+00   2.81383703E-03   9.89132300E-02   1.12957761E-01   1.68279266E+00   1.59143038E+06   7.32936001E+00   1.68308520E+00   1.47708600E+06   7.07957029E+00   1.68241799E+00   1.60779762E+06   7.36511517E+00 
0 1750 4.06767925E-10   3.06656496E-08   4.03709599E-09   2.86225887E-09   9.52545931E-10   4.95110342E-10   2.47166874E-08   9.57701302E+00   -7.40320012E-02   1.29047334E-01   1.11207977E-01   9.52708054E+00   -1.61474999E-02   3.91651057E-02   1.11884929E-01   9.43245411E+00   3.13393748E-03   9.89982709E-02   1.13017134E-01   1.68279243E+00   1.59144050E+06   7.32938242E+00   1.68305480E+00   1.47513288E+06   7.07530355E+00   1.68241799E+00   1.60779512E+06   7.36510992E+00 
0 1760 4.02435835E-10   3.03180414E-08   4.01110878E-09   2.83973867E-09   9.46932199E-10   4.93552310E-10   2.44614498E-08   9.57703781E+00   -7.40340129E-02   1.29037663E-01   1.11208782E-01   9.52707386E+00   -1.61561240E-02   3.91701497E-02   1.11885987E-01   9.42772007E+00   3.43838567E-03   9.90960449E-02   1.13075897E-01   1.68279231E+00   1.59144862E+06   7.32940006E+00   1.68302369E+00   1.47320425E+06   7.07109022E+00   1.68241799E+00   1.60779362E+06   7.36510658E+00 
0 1770 3.96984945E-10   2.99648946E-08   3.98374622E-09   2.81611534E-09   9.36823730E-10   4.92015650E-10   2.42109710E-08   9.57705784E+00   -7.40360543E-02   1.29030913E-01   1.11209638E-01   9.52706909E+00   -1.61647797E-02   3.91754806E-02   1.11887023E-01   9.42304611E+00   3.72584537E-03   9.92055908E-02   1.13134012E-01   1.68279219E+00   1.59145425E+06   7.32941246E+00   1.68299186E+00   1.47130112E+06   7.06693268E+00   1.68241811E+00   1.60779312E+06   7.36510563E+00 
0 1780 3.90376509E-10   2.96056655E-08   3.95599331E-09   2.79166934E-09   9.20833798E-10   4.90501806E-10   2.39631319E-08   9.57707405E+00   -7.40386397E-02   1.29029170E-01   1.11210525E-01   9.52706623E+00   -1.61734987E-02   3.91802564E-02   1.11888029E-01   9.41843224E+00   3.99637455E-03   9.93272215E-02   1.13191463E-01   1.68279207E+00   1.59145825E+06   7.32942104E+00   1.68295932E+00   1.46942425E+06   7.06283283E+00   1.68241811E+00   1.60779350E+06   7.36510611E+00 
0 1790 3.82900017E-10   2.92397981E-08   3.92879995E-09   2.76690959E-09   8.99289310E-10   4.89012386E-10   2.37172664E-08   9.57709122E+00   -7.40420669E-02   1.29032925E-01   1.11211404E-01   9.52706528E+00   -1.61822736E-02   3.91839258E-02   1.11889027E-01   9.41388226E+00   4.24967660E-03   9.94617641E-02   1.13248214E-01   1.68279195E+00   1.59146175E+06   7.32942867E+00   1.68292630E+00   1.46757438E+06   7.05879164E+00   1.68241799E+00   1.60779438E+06   7.36510801E+00 
0 1800 3.75167536E-10   2.88671274E-08   3.90262000E-09   2.74337286E-09   8.74611938E-10   4.87548557E-10   2.34725928E-08   9.57710934E+00   -7.40462616E-02   1.29040986E-01   1.11212254E-01   9.52706432E+00   -1.61910485E-02   3.91862541E-02   1.11890003E-01   9.40939713E+00   4.48529795E-03   9.96102914E-02   1.13304228E-01   1.68279195E+00   1.59146612E+06   7.32943821E+00   1.68289256E+00   1.46575250E+06   7.05481148E+00   1.68241799E+00   1.60779588E+06   7.36511135E+00 
0 1810 3.67801456E-10   2.84855926E-08   3.87776877E-09   2.72148770E-09   8.50033322E-10   4.86111096E-10   2.32302035E-08   9.57713318E+00   -7.40508437E-02   1.29050940E-01   1.11213051E-01   9.52706528E+00   -1.61996949E-02   3.91872600E-02   1.11890972E-01   9.40498066E+00   4.70272452E-03   9.97735187E-02   1.13359481E-01   1.68279171E+00   1.59147225E+06   7.32945156E+00   1.68285847E+00   1.46395938E+06   7.05089474E+00   1.68241799E+00   1.60779762E+06   7.36511517E+00 
0 1820 3.61141062E-10   2.80944992E-08   3.85443055E-09   2.70107758E-09   8.28142499E-10   4.84701501E-10   2.29903883E-08   9.57716274E+00   -7.40552098E-02   1.29059866E-01   1.11213803E-01   9.52706623E+00   -1.62080582E-02   3.91871519E-02   1.11891925E-01   9.40063477E+00   4.90153627E-03   9.99517888E-02   1.13413922E-01   1.68279159E+00   1.59148062E+06   7.32946968E+00   1.68282390E+00   1.46219662E+06   7.04704380E+00   1.68241787E+00   1.60779975E+06   7.36511993E+00 
0 1830 3.55116103E-10   2.76949166E-08   3.83185306E-09   2.68119926E-09   8.09864398E-10   4.83321383E-10   2.27534311E-08   9.57719707E+00   -7.40587488E-02   1.29065201E-01   1.11214504E-01   9.52706814E+00   -1.62159968E-02   3.91862094E-02   1.11892864E-01   9.39636421E+00   5.08179702E-03   1.00144915E-01   1.13467507E-01   1.68279135E+00   1.59149112E+06   7.32949305E+00   1.68278909E+00   1.46046538E+06   7.04326200E+00   1.68241787E+00   1.60780200E+06   7.36512470E+00 
0 1840 3.49388796E-10   2.72861929E-08   3.80905529E-09   2.66277689E-09   7.94555477E-10   4.81971740E-10   2.25197638E-08   9.57723236E+00   -7.40609989E-02   1.29065514E-01   1.11215182E-01   9.52707005E+00   -1.62234250E-02   3.91847380E-02   1.11893795E-01   9.39217281E+00   5.24401199E-03   1.00352325E-01   1.13520190E-01   1.68279111E+00   1.59150288E+06   7.32951880E+00   1.68275404E+00   1.45876738E+06   7.03955221E+00   1.68241775E+00   1.60780438E+06   7.36512995E+00 
0 1850 3.43592432E-10   2.68688574E-08   3.78607146E-09   2.64513145E-09   7.80865150E-10   4.80653017E-10   2.22893402E-08   9.57726860E+00   -7.40617812E-02   1.29060760E-01   1.11215867E-01   9.52707291E+00   -1.62303448E-02   3.91830243E-02   1.11894712E-01   9.38806248E+00   5.38742170E-03   1.00573093E-01   1.13571934E-01   1.68279088E+00   1.59151488E+06   7.32954502E+00   1.68271875E+00   1.45710375E+06   7.03591824E+00   1.68241775E+00   1.60780688E+06   7.36513567E+00 
0 1860 3.37477629E-10   2.64433098E-08   3.76191922E-09   2.62711009E-09   7.67525876E-10   4.79366213E-10   2.20617924E-08   9.57730103E+00   -7.40612894E-02   1.29052311E-01   1.11216575E-01   9.52707577E+00   -1.62368026E-02   3.91813107E-02   1.11895621E-01   9.38403797E+00   5.51180029E-03   1.00806095E-01   1.13622695E-01   1.68279064E+00   1.59152600E+06   7.32956934E+00   1.68268347E+00   1.45547562E+06   7.03236151E+00   1.68241763E+00   1.60780938E+06   7.36514091E+00 
0 1870 3.30949518E-10   2.60108450E-08   3.73593467E-09   2.60840327E-09   7.53562768E-10   4.78112383E-10   2.18373621E-08   9.57732868E+00   -7.40599930E-02   1.29042402E-01   1.11217327E-01   9.52707958E+00   -1.62429065E-02   3.91797982E-02   1.11896530E-01   9.38009930E+00   5.61737595E-03   1.01050243E-01   1.13672435E-01   1.68279052E+00   1.59153550E+06   7.32958984E+00   1.68264806E+00   1.45388412E+06   7.02888489E+00   1.68241763E+00   1.60781188E+06   7.36514616E+00 
0 1880 3.24025862E-10   2.55723052E-08   3.70874864E-09   2.58840682E-09   7.38176520E-10   4.76892192E-10   2.16165716E-08   9.57735157E+00   -7.40585327E-02   1.29033446E-01   1.11218125E-01   9.52708244E+00   -1.62488036E-02   3.91786471E-02   1.11897431E-01   9.37625122E+00   5.70411095E-03   1.01304546E-01   1.13721132E-01   1.68279028E+00   1.59154288E+06   7.32960606E+00   1.68261290E+00   1.45232988E+06   7.02548933E+00   1.68241751E+00   1.60781412E+06   7.36515141E+00 
0 1890 3.16771359E-10   2.51281609E-08   3.68048148E-09   2.56790789E-09   7.20657700E-10   4.75706696E-10   2.13988010E-08   9.57737064E+00   -7.40575045E-02   1.29027367E-01   1.11218952E-01   9.52708435E+00   -1.62546597E-02   3.91779430E-02   1.11898325E-01   9.37249279E+00   5.77193545E-03   1.01568446E-01   1.13768741E-01   1.68279016E+00   1.59154862E+06   7.32961845E+00   1.68257773E+00   1.45081338E+06   7.02217674E+00   1.68241751E+00   1.60781638E+06   7.36515617E+00 
0 1900 3.09338499E-10   2.46796432E-08   3.65252983E-09   2.54790877E-09   7.01005642E-10   4.74557005E-10   2.11844533E-08   9.57738876E+00   -7.40573034E-02   1.29025057E-01   1.11219794E-01   9.52708721E+00   -1.62605904E-02   3.91776748E-02   1.11899227E-01   9.36882687E+00   5.82077401E-03   1.01841711E-01   1.13815263E-01   1.68279016E+00   1.59155338E+06   7.32962894E+00   1.68254280E+00   1.44933525E+06   7.01894760E+00   1.68241739E+00   1.60781838E+06   7.36516047E+00 
0 1910 3.02014552E-10   2.42275018E-08   3.62589270E-09   2.52941845E-09   6.80232537E-10   4.73443951E-10   2.09735713E-08   9.57740688E+00   -7.40580484E-02   1.29026160E-01   1.11220635E-01   9.52708912E+00   -1.62666366E-02   3.91776972E-02   1.11900128E-01   9.36525536E+00   5.85056003E-03   1.02124415E-01   1.13860667E-01   1.68279004E+00   1.59155812E+06   7.32963896E+00   1.68250811E+00   1.44789588E+06   7.01580334E+00   1.68241739E+00   1.60782025E+06   7.36516428E+00 
0 1920 2.95098168E-10   2.37719977E-08   3.60049435E-09   2.51255994E-09   6.59911403E-10   4.72368478E-10   2.07658761E-08   9.57742691E+00   -7.40595162E-02   1.29029319E-01   1.11221448E-01   9.52709103E+00   -1.62727684E-02   3.91777828E-02   1.11901030E-01   9.36177826E+00   5.86153707E-03   1.02416612E-01   1.13904931E-01   1.68278992E+00   1.59156338E+06   7.32965088E+00   1.68247378E+00   1.44649575E+06   7.01274443E+00   1.68241727E+00   1.60782200E+06   7.36516857E+00 
0 1930 2.88807256E-10   2.33140263E-08   3.57583474E-09   2.49729859E-09   6.41601661E-10   4.71331696E-10   2.05615081E-08   9.57744884E+00   -7.40612522E-02   1.29032627E-01   1.11222237E-01   9.52709293E+00   -1.62788872E-02   3.91776301E-02   1.11901931E-01   9.35839748E+00   5.85378939E-03   1.02718346E-01   1.13948047E-01   1.68278980E+00   1.59156988E+06   7.32966518E+00   1.68243980E+00   1.44513538E+06   7.00977278E+00   1.68241727E+00   1.60782388E+06   7.36517239E+00 
0 1940 2.83170404E-10   2.28534969E-08   3.55104746E-09   2.48278975E-09   6.26054375E-10   4.70334438E-10   2.03603854E-08   9.57747364E+00   -7.40627199E-02   1.29034251E-01   1.11223005E-01   9.52709484E+00   -1.62848569E-02   3.91769446E-02   1.11902826E-01   9.35511494E+00   5.82766905E-03   1.03029236E-01   1.13989994E-01   1.68278956E+00   1.59157762E+06   7.32968187E+00   1.68240631E+00   1.44381525E+06   7.00688887E+00   1.68241727E+00   1.60782575E+06   7.36517668E+00 
0 1950 2.78033901E-10   2.23902958E-08   3.52529295E-09   2.46789855E-09   6.13039230E-10   4.69377703E-10   2.01625117E-08   9.57750034E+00   -7.40634352E-02   1.29032955E-01   1.11223757E-01   9.52709579E+00   -1.62905380E-02   3.91754992E-02   1.11903720E-01   9.35193157E+00   5.78333344E-03   1.03348471E-01   1.14030756E-01   1.68278944E+00   1.59158600E+06   7.32970047E+00   1.68237329E+00   1.44253600E+06   7.00409412E+00   1.68241715E+00   1.60782750E+06   7.36518049E+00 
0 1960 2.73168238E-10   2.19246648E-08   3.49793638E-09   2.45158671E-09   6.01835304E-10   4.68462602E-10   1.99681498E-08   9.57752514E+00   -7.40631223E-02   1.29028425E-01   1.11224525E-01   9.52709770E+00   -1.62958410E-02   3.91732119E-02   1.11904621E-01   9.34884930E+00   5.72124822E-03   1.03675134E-01   1.14070311E-01   1.68278933E+00   1.59159462E+06   7.32971907E+00   1.68234098E+00   1.44129800E+06   7.00138998E+00   1.68241715E+00   1.60782925E+06   7.36518431E+00 
0 1970 2.68372741E-10   2.14579181E-08   3.46832452E-09   2.43339393E-09   5.91701133E-10   4.67589523E-10   1.97770031E-08   9.57754803E+00   -7.40617812E-02   1.29021361E-01   1.11225307E-01   9.52709866E+00   -1.63007285E-02   3.91701497E-02   1.11905515E-01   9.34586716E+00   5.64145762E-03   1.04008012E-01   1.14108659E-01   1.68278909E+00   1.59160275E+06   7.32973671E+00   1.68230915E+00   1.44010162E+06   6.99877596E+00   1.68241715E+00   1.60783100E+06   7.36518812E+00 
0 1980 2.63506744E-10   2.09909317E-08   3.43577966E-09   2.41273490E-09   5.82019266E-10   4.66759353E-10   1.95884340E-08   9.57756805E+00   -7.40596727E-02   1.29013121E-01   1.11226119E-01   9.52709961E+00   -1.63052324E-02   3.91665399E-02   1.11906424E-01   9.34298801E+00   5.54481288E-03   1.04345880E-01   1.14145778E-01   1.68278897E+00   1.59160975E+06   7.32975197E+00   1.68227816E+00   1.43894688E+06   6.99625397E+00   1.68241704E+00   1.60783238E+06   7.36519098E+00 
0 1990 2.58416455E-10   2.05241530E-08   3.40057871E-09   2.38898745E-09   5.71956982E-10   4.65972372E-10   1.94017247E-08   9.57758427E+00   -7.40572363E-02   1.29005343E-01   1.11226961E-01   9.52709866E+00   -1.63094532E-02   3.91627066E-02   1.11907326E-01   9.34021091E+00   5.43198269E-03   1.04687750E-01   1.14181675E-01   1.68278885E+00   1.59161550E+06   7.32976437E+00   1.68224776E+00   1.43783400E+06   6.99382257E+00   1.68241704E+00   1.60783350E+06   7.36519337E+00 
0 2000 2.53002952E-10   2.00585806E-08   3.36385586E-09   2.36278552E-09   5.60779922E-10   4.65228966E-10   1.92164560E-08   9.57759762E+00   -7.40549490E-02   1.28999427E-01   1.11227825E-01   9.52709770E+00   -1.63135342E-02   3.91590111E-02   1.11908242E-01   9.33753490E+00   5.30356355E-03   1.05032809E-01   1.14216343E-01   1.68278873E+00   1.59162000E+06   7.32977438E+00   1.68221819E+00   1.43676250E+06   6.99148178E+00   1.68241704E+00   1.60783438E+06   7.36519527E+00 
