RealTimeStep Cycle rho   rhoV[0]   rhoV[1]   rhoV[2]   rhoE   rhok   rhoOmega   probe1@MHH@63.3_V_x   probe1@MHH@63.3_V_y   probe1@MHH@63.3_V_z   probe1@MHH@63.3_ti   probe2@MHH@63.3_V_x   probe2@MHH@63.3_V_y   probe2@MHH@63.3_V_z   probe2@MHH@63.3_ti   probe3@MHH@63.3_V_x   probe3@MHH@63.3_V_y   probe3@MHH@63.3_V_z   probe3@MHH@63.3_ti   T001_omega   T001_power   T001_uref   T003_omega   T003_power   T003_uref   T002_omega   T002_power   T002_uref 
0 1 8.70448176E-08   4.41791690E-06   5.98375266E-07   6.30589568E-07   3.16547840E-07   1.26192091E-07   9.87151943E-05   9.94952297E+00   -6.15935400E-03   8.89444840E-04   1.05617575E-01   9.95143986E+00   -2.45089829E-02   -5.50864916E-03   1.05597906E-01   9.94984913E+00   -1.52663235E-02   -5.30172896E-04   1.05615921E-01   1.68640268E+00   2.15224400E+06   9.69793129E+00   1.68639922E+00   2.15250450E+06   9.70054626E+00   1.68640256E+00   2.15224800E+06   9.69796944E+00 
0 10 2.55925187E-07   3.66961444E-06   1.75389687E-06   1.25470240E-06   8.81683320E-07   1.00600406E-09   1.22463609E-06   9.53764153E+00   -8.11408237E-02   5.45305349E-02   1.10118479E-01   9.52112007E+00   -1.26065239E-01   -1.84488166E-02   1.10373661E-01   9.55666065E+00   -9.10693780E-02   -9.11155622E-03   1.09962247E-01   1.67918861E+00   2.08574962E+06   9.03037834E+00   1.67958343E+00   2.08749425E+06   9.04789257E+00   1.67895901E+00   2.08475762E+06   9.02041817E+00 
0 20 2.43908431E-07   3.35663640E-06   2.10128405E-06   1.75643584E-06   8.17334922E-07   1.35813727E-09   1.27618296E-06   9.75350380E+00   -1.56431034E-01   9.26024020E-02   1.07650079E-01   9.67522621E+00   -2.04650670E-01   -2.00915076E-02   1.08607136E-01   9.77081108E+00   -1.56763375E-01   8.99199210E-03   1.07528605E-01   1.67576098E+00   2.07225950E+06   8.89494705E+00   1.67631328E+00   2.07426775E+06   8.91510868E+00   1.67580378E+00   2.06858575E+06   8.87524319E+00 
0 30 1.83506160E-07   2.92791378E-06   2.11970200E-06   1.71742204E-06   5.91608455E-07   1.67192160E-09   1.37216080E-06   1.00810270E+01   -2.46737555E-01   9.22777653E-02   1.04264356E-01   9.98312473E+00   -3.04482102E-01   -4.13769521E-02   1.05281882E-01   1.00195131E+01   -2.25451306E-01   -1.18689900E-02   1.04950197E-01   1.67686141E+00   2.05863638E+06   8.83767414E+00   1.67640197E+00   2.06303912E+06   8.85429859E+00   1.67724216E+00   2.05488625E+06   8.82351303E+00 
0 40 1.36406101E-07   2.53484018E-06   1.79858614E-06   1.52460370E-06   4.40212148E-07   1.20303312E-09   1.07922801E-06   1.02028961E+01   -3.00531566E-01   8.31935108E-02   1.03107512E-01   1.00524263E+01   -3.52688223E-01   -6.26650602E-02   1.04628459E-01   1.00810118E+01   -2.46714726E-01   -3.88980210E-02   1.04388297E-01   1.68069398E+00   2.01482988E+06   8.67225647E+00   1.68042660E+00   2.01847225E+06   8.68601036E+00   1.68093836E+00   2.01138612E+06   8.65925312E+00 
0 50 1.11244972E-07   2.39401720E-06   1.50878657E-06   1.35551818E-06   3.56778344E-07   9.65618696E-10   9.00753037E-07   1.02009125E+01   -2.88642466E-01   8.67948160E-02   1.03192113E-01   1.00277882E+01   -3.33290070E-01   -5.70911281E-02   1.04923338E-01   1.00730228E+01   -2.34762907E-01   -3.28245759E-02   1.04526296E-01   1.68336201E+00   1.96654050E+06   8.48991203E+00   1.68318677E+00   1.97093450E+06   8.50650406E+00   1.68355250E+00   1.96132212E+06   8.47020721E+00 
0 60 9.42747747E-08   2.39005954E-06   1.31011836E-06   1.19145034E-06   2.99547082E-07   8.91313079E-10   7.89051796E-07   1.01788692E+01   -2.51370281E-01   9.46876481E-02   1.03491619E-01   1.00104094E+01   -2.82572597E-01   -3.48995849E-02   1.05162494E-01   1.00494814E+01   -1.90916955E-01   -2.28800569E-02   1.04841486E-01   1.68435919E+00   1.92406038E+06   8.32950401E+00   1.68429494E+00   1.93006162E+06   8.35216522E+00   1.68440461E+00   1.91636925E+06   8.30046177E+00 
0 70 8.05390457E-08   2.31157014E-06   1.16230399E-06   1.06274888E-06   2.53153672E-07   8.80999107E-10   7.07811580E-07   1.01607075E+01   -2.22439289E-01   8.45362321E-02   1.03783362E-01   1.00023203E+01   -2.21929953E-01   -2.74834055E-02   1.05338983E-01   1.00101624E+01   -1.33318096E-01   -2.90612094E-02   1.05355494E-01   1.68417037E+00   1.88549962E+06   8.18389511E+00   1.68428171E+00   1.89247950E+06   8.21025181E+00   1.68396783E+00   1.87614975E+06   8.14858913E+00 
0 80 6.88872035E-08   2.14146689E-06   1.04657408E-06   9.72249723E-07   2.08692768E-07   9.08463027E-10   6.51371067E-07   1.01143236E+01   -1.74201369E-01   7.35510886E-02   1.04385823E-01   9.96926117E+00   -1.59500852E-01   -2.47937441E-02   1.05786890E-01   9.93609905E+00   -9.12341326E-02   -3.41484323E-02   1.06247604E-01   1.68313408E+00   1.85135225E+06   8.05495167E+00   1.68342638E+00   1.85870925E+06   8.08273220E+00   1.68271971E+00   1.84224288E+06   8.02055454E+00 
0 90 6.16719191E-08   1.96593169E-06   9.52724861E-07   9.01902979E-07   1.81159876E-07   9.23620735E-10   6.01601073E-07   1.00474720E+01   -1.24218471E-01   7.31548443E-02   1.05208173E-01   9.92591190E+00   -1.02514327E-01   -1.86198018E-02   1.06350034E-01   9.86095905E+00   -6.26226142E-02   -3.05700339E-02   1.07161313E-01   1.68173695E+00   1.82435412E+06   7.95300484E+00   1.68219459E+00   1.83218175E+06   7.98256254E+00   1.68126881E+00   1.81701300E+06   7.92528439E+00 
0 100 5.66439233E-08   1.82072563E-06   8.77626178E-07   8.43923829E-07   1.67588922E-07   9.26118571E-10   5.52051176E-07   1.00006247E+01   -8.63374770E-02   7.13110939E-02   1.05827674E-01   9.90507889E+00   -6.80006742E-02   -1.74292829E-02   1.06684521E-01   9.81940079E+00   -4.76432741E-02   -3.48357745E-02   1.07717067E-01   1.68056107E+00   1.80688662E+06   7.88704634E+00   1.68117344E+00   1.81558675E+06   7.91989851E+00   1.68018484E+00   1.80188262E+06   7.86815023E+00 
0 110 4.84976290E-08   1.69387079E-06   8.24668916E-07   8.01750218E-07   1.44049139E-07   9.31350996E-10   5.07695006E-07   9.98384094E+00   -6.13524653E-02   6.11447804E-02   1.06126659E-01   9.90556431E+00   -5.39043508E-02   -2.62528099E-02   1.06790669E-01   9.81165791E+00   -3.90832499E-02   -4.62717190E-02   1.07902169E-01   1.67989135E+00   1.79813175E+06   7.85398722E+00   1.68062878E+00   1.80781275E+06   7.89054346E+00   1.67962921E+00   1.79488438E+06   7.84172440E+00 
0 120 4.10757650E-08   1.56936414E-06   7.88616092E-07   7.76771174E-07   1.21372608E-07   9.46268508E-10   4.72696428E-07   9.98172855E+00   -4.95001227E-02   5.08192070E-02   1.06259391E-01   9.91028118E+00   -4.47262526E-02   -3.69403474E-02   1.06846698E-01   9.82006454E+00   -3.06805689E-02   -5.34995981E-02   1.07905969E-01   1.67950165E+00   1.79333525E+06   7.83587503E+00   1.68031585E+00   1.80359938E+06   7.87463331E+00   1.67927587E+00   1.79064325E+06   7.82570982E+00 
0 130 3.74269575E-08   1.44958506E-06   7.58977080E-07   7.52716687E-07   1.10450351E-07   9.71136727E-10   4.50630779E-07   9.97515106E+00   -4.77521941E-02   4.88249399E-02   1.06427625E-01   9.90831566E+00   -3.56476903E-02   -4.03275676E-02   1.06971115E-01   9.82161903E+00   -2.22692434E-02   -5.07668294E-02   1.07979730E-01   1.67896461E+00   1.78702725E+06   7.81205559E+00   1.67981887E+00   1.79722412E+06   7.85055971E+00   1.67872894E+00   1.78435738E+06   7.80197334E+00 
0 140 3.42976101E-08   1.34616437E-06   7.24270478E-07   7.24013489E-07   9.96301992E-08   9.89727855E-10   4.31875918E-07   9.95591545E+00   -5.20998500E-02   5.75809814E-02   1.06720239E-01   9.89682674E+00   -3.10580395E-02   -3.29207033E-02   1.07195891E-01   9.80434036E+00   -1.69804916E-02   -3.71251628E-02   1.08255148E-01   1.67802536E+00   1.77669925E+06   7.77305603E+00   1.67891467E+00   1.78645625E+06   7.80989933E+00   1.67783558E+00   1.77470762E+06   7.76553535E+00 
0 150 3.10903374E-08   1.25607346E-06   6.76151899E-07   6.92712888E-07   8.83185720E-08   9.87332549E-10   4.07308988E-07   9.92871952E+00   -5.77060618E-02   7.32796639E-02   1.07089400E-01   9.88160801E+00   -3.59688438E-02   -1.91482138E-02   1.07461132E-01   9.77434921E+00   -1.81990620E-02   -1.74212623E-02   1.08665884E-01   1.67673433E+00   1.76367600E+06   7.72387934E+00   1.67768037E+00   1.77309912E+06   7.75946188E+00   1.67670918E+00   1.76343325E+06   7.72296238E+00 
0 160 3.00210949E-08   1.16966805E-06   6.16543502E-07   6.53004179E-07   8.68412542E-08   9.69415770E-10   3.78484998E-07   9.90414143E+00   -6.10076450E-02   8.87386650E-02   1.07419632E-01   9.87165070E+00   -4.78647090E-02   -7.29373749E-03   1.07666902E-01   9.74620152E+00   -2.54763626E-02   -8.60569649E-04   1.09048031E-01   1.67562997E+00   1.75035950E+06   7.67654753E+00   1.67642295E+00   1.76070238E+06   7.71265030E+00   1.67560494E+00   1.75315700E+06   7.68415880E+00 
0 170 2.92411677E-08   1.08501433E-06   5.56198700E-07   6.01232500E-07   8.67759127E-08   9.50390211E-10   3.52452247E-07   9.89029312E+00   -6.15203045E-02   9.72948968E-02   1.07616976E-01   9.87217522E+00   -5.83533235E-02   -2.98804091E-03   1.07751265E-01   9.73092842E+00   -3.41409892E-02   5.09196660E-03   1.09272271E-01   1.67671573E+00   1.73422200E+06   7.64129448E+00   1.67554510E+00   1.75157212E+06   7.67919636E+00   1.67628515E+00   1.74076700E+06   7.65559244E+00 
0 180 2.61995385E-08   1.00526006E-06   5.04663547E-07   5.44524653E-07   7.67838770E-08   9.36060229E-10   3.32516720E-07   9.88670063E+00   -6.02274574E-02   9.58439559E-02   1.07681870E-01   9.88091373E+00   -6.09719753E-02   -6.90820534E-03   1.07731104E-01   9.72957420E+00   -3.83145809E-02   -6.21798681E-04   1.09322667E-01   1.67733812E+00   1.72438062E+06   7.61979532E+00   1.67613149E+00   1.74305462E+06   7.66058969E+00   1.67683268E+00   1.73240800E+06   7.63733149E+00 
0 190 2.26192647E-08   9.27258213E-07   4.63897692E-07   4.92657421E-07   6.36245829E-08   9.24542221E-10   3.18197323E-07   9.88739967E+00   -5.82263134E-02   8.72291178E-02   1.07680373E-01   9.89076710E+00   -5.55259138E-02   -1.45737734E-02   1.07677169E-01   9.73380566E+00   -3.59516442E-02   -1.14561040E-02   1.09293818E-01   1.67767894E+00   1.71877712E+06   7.60755444E+00   1.67643988E+00   1.73843788E+06   7.65050411E+00   1.67718709E+00   1.72681212E+06   7.62510729E+00 
0 200 2.12611475E-08   8.48543436E-07   4.30142450E-07   4.48552072E-07   5.92392091E-08   9.13476739E-10   3.07829822E-07   9.88474941E+00   -5.61799593E-02   7.88505226E-02   1.07701831E-01   9.89527225E+00   -4.64320406E-02   -1.90374628E-02   1.07656442E-01   9.73334503E+00   -3.00013386E-02   -1.82638783E-02   1.09305464E-01   1.67793870E+00   1.71439700E+06   7.59798574E+00   1.67672706E+00   1.73404675E+06   7.64091158E+00   1.67749333E+00   1.72184925E+06   7.61426592E+00 
0 210 2.09556941E-08   7.73637851E-07   4.00489313E-07   4.11729388E-07   5.90137752E-08   9.00817476E-10   2.98370509E-07   9.87306023E+00   -5.45987859E-02   7.74451867E-02   1.07815251E-01   9.89074326E+00   -3.92640531E-02   -1.60490870E-02   1.07710667E-01   9.72226334E+00   -2.53001638E-02   -1.55698350E-02   1.09428994E-01   1.67826986E+00   1.70865812E+06   7.58544922E+00   1.67713749E+00   1.72760562E+06   7.62684059E+00   1.67784762E+00   1.71594362E+06   7.60136461E+00 
0 220 1.97929566E-08   7.09033372E-07   3.73699066E-07   3.80297308E-07   5.50943327E-08   8.86032636E-10   2.87603882E-07   9.85163403E+00   -5.36699705E-02   8.43671635E-02   1.08034134E-01   9.87789631E+00   -3.77685204E-02   -7.09167682E-03   1.07839122E-01   9.70136738E+00   -2.52188407E-02   -4.99681616E-03   1.09659657E-01   1.67872036E+00   1.70054825E+06   7.56773281E+00   1.67767334E+00   1.71887075E+06   7.60775900E+00   1.67826867E+00   1.70867938E+06   7.58549547E+00 
0 230 1.81810318E-08   6.55646431E-07   3.48634927E-07   3.50509993E-07   4.98073369E-08   8.70079508E-10   2.75120499E-07   9.82467556E+00   -5.36652766E-02   9.57779810E-02   1.08316712E-01   9.86035442E+00   -4.16263156E-02   2.40005809E-03   1.08012013E-01   9.67648697E+00   -2.94854529E-02   6.96170703E-03   1.09935172E-01   1.67923558E+00   1.69078675E+06   7.54640818E+00   1.67823958E+00   1.70918950E+06   7.58660984E+00   1.67871118E+00   1.70071850E+06   7.56810474E+00 
0 240 1.68853163E-08   6.09350536E-07   3.24329562E-07   3.21173133E-07   4.67072532E-08   8.55301552E-10   2.62079112E-07   9.79833317E+00   -5.47468625E-02   1.06234804E-01   1.08597748E-01   9.84268284E+00   -4.73948494E-02   7.89640006E-03   1.08187318E-01   9.65417385E+00   -3.47756855E-02   1.43655241E-02   1.10183485E-01   1.67971766E+00   1.68109525E+06   7.52523661E+00   1.67873085E+00   1.70035500E+06   7.56731033E+00   1.67911124E+00   1.69319462E+06   7.55166864E+00 
0 250 1.55646038E-08   5.67181928E-07   3.00685400E-07   2.94289009E-07   4.38406147E-08   8.43971892E-10   2.50195029E-07   9.77731133E+00   -5.67308292E-02   1.12260416E-01   1.08825542E-01   9.82796860E+00   -5.15590943E-02   8.64770543E-03   1.08334750E-01   9.63820362E+00   -3.76045443E-02   1.57684367E-02   1.10362403E-01   1.68009448E+00   1.67307638E+06   7.50771904E+00   1.67909348E+00   1.69353475E+06   7.55241156E+00   1.67942822E+00   1.68698438E+06   7.53810215E+00 
0 260 1.39443461E-08   5.29376791E-07   2.77965285E-07   2.70514249E-07   3.94309723E-08   8.36642589E-10   2.40192492E-07   9.76313496E+00   -5.92160597E-02   1.13916934E-01   1.08981982E-01   9.81704617E+00   -5.26150391E-02   7.32211862E-03   1.08445488E-01   9.62848854E+00   -3.65785062E-02   1.41924256E-02   1.10472724E-01   1.68035054E+00   1.66736838E+06   7.49524975E+00   1.67933691E+00   1.68879700E+06   7.54206181E+00   1.67966127E+00   1.68226075E+06   7.52778292E+00 
0 270 1.24546355E-08   4.96577968E-07   2.56059479E-07   2.48644824E-07   3.51106664E-08   8.32027336E-10   2.31391169E-07   9.75417900E+00   -6.16207570E-02   1.13953844E-01   1.09083429E-01   9.80868816E+00   -5.11642471E-02   7.36410310E-03   1.08532168E-01   9.62227249E+00   -3.28711420E-02   1.42213758E-02   1.10545374E-01   1.68051863E+00   1.66349362E+06   7.48678541E+00   1.67951024E+00   1.68533838E+06   7.53450632E+00   1.67984080E+00   1.67852175E+06   7.51961517E+00 
0 280 1.14106520E-08   4.68595005E-07   2.34916342E-07   2.27739378E-07   3.23695026E-08   8.28695557E-10   2.23096961E-07   9.74722290E+00   -6.35113493E-02   1.15405001E-01   1.09164231E-01   9.80072975E+00   -4.88885269E-02   1.06648384E-02   1.08617835E-01   9.61618710E+00   -2.90731192E-02   1.84734743E-02   1.10618226E-01   1.68065083E+00   1.66036562E+06   7.47995234E+00   1.67966688E+00   1.68214412E+06   7.52752829E+00   1.68000650E+00   1.67498812E+06   7.51189566E+00 
0 290 1.06873195E-08   4.44214010E-07   2.14753712E-07   2.07318877E-07   3.07813863E-08   8.25710722E-10   2.14621693E-07   9.73932171E+00   -6.47211820E-02   1.19375378E-01   1.09256111E-01   9.79145241E+00   -4.73493263E-02   1.65756196E-02   1.08721033E-01   9.60827637E+00   -2.71724313E-02   2.58507188E-02   1.10713013E-01   1.68078852E+00   1.65703125E+06   7.47266769E+00   1.67983651E+00   1.67861162E+06   7.51981115E+00   1.68018508E+00   1.67108338E+06   7.50336552E+00 
0 300 1.00690771E-08   4.22045417E-07   1.95827724E-07   1.87045785E-07   2.94426492E-08   8.22793833E-10   2.05930704E-07   9.72925186E+00   -6.52529523E-02   1.24458045E-01   1.09372184E-01   9.78056335E+00   -4.70936485E-02   2.26033498E-02   1.08844809E-01   9.59867764E+00   -2.73509584E-02   3.26468460E-02   1.10827670E-01   1.68094480E+00   1.65313900E+06   7.46416521E+00   1.68001640E+00   1.67477525E+06   7.51143074E+00   1.68037939E+00   1.66671125E+06   7.49381447E+00 
0 310 9.31228250E-09   4.01109190E-07   1.78547253E-07   1.68009265E-07   2.73663083E-08   8.20094714E-10   1.97521189E-07   9.71774292E+00   -6.53058216E-02   1.27997652E-01   1.09504096E-01   9.76904964E+00   -4.76941504E-02   2.62106583E-02   1.08977772E-01   9.58900166E+00   -2.83175185E-02   3.54666710E-02   1.10943191E-01   1.68110871E+00   1.64892188E+06   7.45495272E+00   1.68018508E+00   1.67108400E+06   7.50336695E+00   1.68057346E+00   1.66220438E+06   7.48396873E+00 
0 320 8.32574010E-09   3.80888594E-07   1.63280987E-07   1.51682841E-07   2.42780764E-08   8.17569679E-10   1.89867905E-07   9.70638657E+00   -6.51909560E-02   1.28202081E-01   1.09633744E-01   9.75834656E+00   -4.82761189E-02   2.64555775E-02   1.09102920E-01   9.58093357E+00   -2.86167134E-02   3.36529613E-02   1.11039512E-01   1.68126225E+00   1.64483925E+06   7.44603395E+00   1.68032384E+00   1.66797450E+06   7.49657393E+00   1.68074703E+00   1.65804612E+06   7.47488499E+00 
0 330 7.52904494E-09   3.61187887E-07   1.49784967E-07   1.37541051E-07   2.20162732E-08   8.14813494E-10   1.82969444E-07   9.69632149E+00   -6.50856495E-02   1.25476152E-01   1.09747805E-01   9.74940014E+00   -4.80936877E-02   2.43945457E-02   1.09208301E-01   9.57502556E+00   -2.76704207E-02   2.95512676E-02   1.11109629E-01   1.68139458E+00   1.64120262E+06   7.43808985E+00   1.68042958E+00   1.66555938E+06   7.49129820E+00   1.68088830E+00   1.65455962E+06   7.46726894E+00 
0 340 7.32344940E-09   3.42174644E-07   1.37820308E-07   1.24084792E-07   2.21871748E-08   8.11417877E-10   1.76874281E-07   9.68766689E+00   -6.50474951E-02   1.22018717E-01   1.09844483E-01   9.74214077E+00   -4.70135361E-02   2.21339017E-02   1.09293498E-01   9.57052803E+00   -2.59656310E-02   2.66685151E-02   1.11161977E-01   1.68150711E+00   1.63802025E+06   7.43113756E+00   1.68051422E+00   1.66359612E+06   7.48700905E+00   1.68100011E+00   1.65173150E+06   7.46109056E+00 
0 350 7.24830063E-09   3.24494806E-07   1.27878508E-07   1.11678062E-07   2.26489654E-08   8.06999800E-10   1.71413092E-07   9.67978954E+00   -6.50912896E-02   1.20267622E-01   1.09931111E-01   9.73565674E+00   -4.55282182E-02   2.14063935E-02   1.09368339E-01   9.56612778E+00   -2.44651269E-02   2.72533391E-02   1.11212142E-01   1.68160784E+00   1.63509000E+06   7.42473650E+00   1.68059516E+00   1.66169300E+06   7.48285151E+00   1.68109691E+00   1.64923012E+06   7.45562649E+00 
0 360 6.70071376E-09   3.08886882E-07   1.20303341E-07   1.01623137E-07   2.09212292E-08   8.01443301E-10   1.66469974E-07   9.67199707E+00   -6.52196705E-02   1.21405765E-01   1.10016398E-01   9.72877979E+00   -4.42364551E-02   2.26356816E-02   1.09446481E-01   9.56094074E+00   -2.38509867E-02   3.10558826E-02   1.11271210E-01   1.68170428E+00   1.63220950E+06   7.41844416E+00   1.68068302E+00   1.65959362E+06   7.47826576E+00   1.68119693E+00   1.64659425E+06   7.44986820E+00 
0 370 5.86028026E-09   2.95447450E-07   1.13736178E-07   9.35515914E-08   1.76663875E-08   7.94841193E-10   1.61611382E-07   9.66411686E+00   -6.54512793E-02   1.24803163E-01   1.10103562E-01   9.72074509E+00   -4.32909504E-02   2.49165948E-02   1.09537564E-01   9.55512238E+00   -2.41911691E-02   3.58758979E-02   1.11338407E-01   1.68179762E+00   1.62934625E+06   7.41218901E+00   1.68077540E+00   1.65735150E+06   7.47336769E+00   1.68131161E+00   1.64349625E+06   7.44310045E+00 
0 380 5.43605694E-09   2.83384310E-07   1.06170155E-07   8.59754721E-08   1.58007634E-08   7.87496346E-10   1.56369907E-07   9.65665054E+00   -6.57765418E-02   1.28624380E-01   1.10188097E-01   9.71163750E+00   -4.24111746E-02   2.67989915E-02   1.09641574E-01   9.54972744E+00   -2.49815844E-02   3.92904095E-02   1.11402221E-01   1.68188238E+00   1.62667162E+06   7.40634632E+00   1.68085897E+00   1.65528925E+06   7.46886253E+00   1.68143976E+00   1.63993475E+06   7.43531990E+00 
0 390 5.59484903E-09   2.71845408E-07   9.73587575E-08   7.83559670E-08   1.63639502E-08   7.79974807E-10   1.50835930E-07   9.65041733E+00   -6.61176890E-02   1.31080464E-01   1.10261209E-01   9.70231533E+00   -4.12050486E-02   2.72677988E-02   1.09749079E-01   9.54597378E+00   -2.55301315E-02   4.02297825E-02   1.11448601E-01   1.68195128E+00   1.62444950E+06   7.40149164E+00   1.68091941E+00   1.65377862E+06   7.46556234E+00   1.68156898E+00   1.63622725E+06   7.42722082E+00 
0 400 5.77525627E-09   2.60629747E-07   8.87273615E-08   7.08600112E-08   1.71517041E-08   7.72749420E-10   1.45268146E-07   9.64597034E+00   -6.63444102E-02   1.31428808E-01   1.10316232E-01   9.69388103E+00   -3.95736359E-02   2.63080094E-02   1.09847121E-01   9.54439831E+00   -2.54448429E-02   3.93891968E-02   1.11470707E-01   1.68199968E+00   1.62285375E+06   7.39800596E+00   1.68095064E+00   1.65299075E+06   7.46384144E+00   1.68168485E+00   1.63279488E+06   7.41972256E+00 
0 410 5.60271607E-09   2.49984794E-07   8.14680021E-08   6.36938822E-08   1.66221845E-08   7.66030073E-10   1.39968833E-07   9.64316368E+00   -6.63367510E-02   1.30143762E-01   1.10353649E-01   9.68691921E+00   -3.77599336E-02   2.47827079E-02   1.09928317E-01   9.54449940E+00   -2.48526093E-02   3.84137444E-02   1.11473545E-01   1.68203020E+00   1.62183700E+06   7.39578485E+00   1.68095911E+00   1.65277512E+06   7.46337032E+00   1.68178058E+00   1.62987350E+06   7.41334057E+00 
0 420 5.11412068E-09   2.40080624E-07   7.57866090E-08   5.73899150E-08   1.49066715E-08   7.59824592E-10   1.35267427E-07   9.64119720E+00   -6.60633147E-02   1.28333926E-01   1.10381164E-01   9.68111515E+00   -3.60677764E-02   2.37872787E-02   1.09995857E-01   9.54504395E+00   -2.42121778E-02   3.86086851E-02   1.11470833E-01   1.68205118E+00   1.62112950E+06   7.39423943E+00   1.68096042E+00   1.65274262E+06   7.46329927E+00   1.68186128E+00   1.62734625E+06   7.40781975E+00 
0 430 4.54874804E-09   2.30954797E-07   7.13272001E-08   5.25238057E-08   1.29769848E-08   7.53998475E-10   1.31233108E-07   9.63903522E+00   -6.55834004E-02   1.26950711E-01   1.10409424E-01   9.67542458E+00   -3.45382504E-02   2.39264909E-02   1.10061914E-01   9.54482079E+00   -2.39011589E-02   4.01107520E-02   1.11476474E-01   1.68207359E+00   1.62036688E+06   7.39257336E+00   1.68097043E+00   1.65248975E+06   7.46274710E+00   1.68193996E+00   1.62481862E+06   7.40229845E+00 
0 440 4.18992707E-09   2.22557816E-07   6.74050114E-08   4.86867293E-08   1.20448433E-08   7.48349493E-10   1.27594959E-07   9.63591576E+00   -6.50071949E-02   1.26348481E-01   1.10446610E-01   9.66874409E+00   -3.28696296E-02   2.49693394E-02   1.10139795E-01   9.54329205E+00   -2.39151325E-02   4.20022272E-02   1.11496799E-01   1.68210590E+00   1.61926275E+06   7.39016151E+00   1.68099678E+00   1.65181762E+06   7.46127844E+00   1.68202889E+00   1.62187912E+06   7.39587688E+00 
0 450 4.13759782E-09   2.14642014E-07   6.35702477E-08   4.51232331E-08   1.24646906E-08   7.42807871E-10   1.24143767E-07   9.63167000E+00   -6.44620210E-02   1.26337424E-01   1.10494860E-01   9.66058922E+00   -3.06063909E-02   2.60660965E-02   1.10235661E-01   9.54078865E+00   -2.38927472E-02   4.31414284E-02   1.11528151E-01   1.68215001E+00   1.61772962E+06   7.38681221E+00   1.68103600E+00   1.65081025E+06   7.45907784E+00   1.68213177E+00   1.61836362E+06   7.38819695E+00 
0 460 4.14651469E-09   2.06818100E-07   6.01920718E-08   4.20246131E-08   1.30731426E-08   7.37407135E-10   1.20648536E-07   9.62672043E+00   -6.40377626E-02   1.26563713E-01   1.10550024E-01   9.65133953E+00   -2.74347458E-02   2.63176560E-02   1.10345267E-01   9.53817463E+00   -2.34437287E-02   4.30248231E-02   1.11560524E-01   1.68220174E+00   1.61589488E+06   7.38280392E+00   1.68107736E+00   1.64974138E+06   7.45674324E+00   1.68224204E+00   1.61444188E+06   7.37962961E+00 
0 470 3.90928534E-09   1.98995835E-07   5.77829979E-08   4.00787776E-08   1.26126611E-08   7.32214678E-10   1.17014373E-07   9.62181568E+00   -6.37630373E-02   1.26873896E-01   1.10604391E-01   9.64190865E+00   -2.33756285E-02   2.53033657E-02   1.10457584E-01   9.53625679E+00   -2.25268509E-02   4.20790277E-02   1.11584440E-01   1.68225360E+00   1.61401962E+06   7.37870741E+00   1.68111002E+00   1.64888788E+06   7.45487881E+00   1.68234873E+00   1.61047375E+06   7.37096119E+00 
0 480 3.39992079E-09   1.91542625E-07   5.59410367E-08   3.90587296E-08   1.09289457E-08   7.27280125E-10   1.13330373E-07   9.61766052E+00   -6.36163354E-02   1.27382740E-01   1.10650674E-01   9.63306141E+00   -1.87517013E-02   2.32840013E-02   1.10562958E-01   9.53533459E+00   -2.15349942E-02   4.12614234E-02   1.11596338E-01   1.68229830E+00   1.61237312E+06   7.37511063E+00   1.68112969E+00   1.64837188E+06   7.45375109E+00   1.68244457E+00   1.60674562E+06   7.36281681E+00 
0 490 2.93907654E-09   1.84990625E-07   5.38150395E-08   3.79153526E-08   9.07490438E-09   7.22567117E-10   1.09739645E-07   9.61462402E+00   -6.35555461E-02   1.28263175E-01   1.10685132E-01   9.62488556E+00   -1.39637738E-02   2.10046247E-02   1.10659651E-01   9.53513145E+00   -2.10144836E-02   4.13543396E-02   1.11599505E-01   1.68233168E+00   1.61112288E+06   7.37237930E+00   1.68113923E+00   1.64812212E+06   7.45320559E+00   1.68252981E+00   1.60327325E+06   7.35523176E+00 
0 500 2.92593128E-09   1.79691540E-07   5.12432088E-08   3.59508725E-08   8.57676508E-09   7.17977622E-10   1.06406326E-07   9.61266136E+00   -6.35320097E-02   1.29488617E-01   1.10708527E-01   9.61676311E+00   -9.21752397E-03   1.92522146E-02   1.10754609E-01   9.53508568E+00   -2.12454181E-02   4.24798541E-02   1.11600794E-01   1.68235373E+00   1.61028575E+06   7.37055063E+00   1.68114555E+00   1.64795550E+06   7.45284176E+00   1.68261147E+00   1.59980100E+06   7.34764624E+00 
0 510 3.29654593E-09   1.75682771E-07   4.87063083E-08   3.32341337E-08   9.51052126E-09   7.13427761E-10   1.03408674E-07   9.61141968E+00   -6.35004491E-02   1.30735889E-01   1.10724807E-01   9.60782051E+00   -4.41204337E-03   1.84389614E-02   1.10858358E-01   9.53474045E+00   -2.19975226E-02   4.41166088E-02   1.11605935E-01   1.68236768E+00   1.60975238E+06   7.36938524E+00   1.68115509E+00   1.64770562E+06   7.45229578E+00   1.68269682E+00   1.59597925E+06   7.33929729E+00 
0 520 3.66249209E-09   1.72631516E-07   4.66097383E-08   3.03024379E-08   1.05363194E-08   7.08893555E-10   1.00749673E-07   9.61045265E+00   -6.34154081E-02   1.31526083E-01   1.10738784E-01   9.59749508E+00   7.35846465E-04   1.84386782E-02   1.10978179E-01   9.53398609E+00   -2.26683635E-02   4.55105044E-02   1.11616559E-01   1.68237793E+00   1.60935650E+06   7.36852074E+00   1.68116987E+00   1.64731188E+06   7.45143557E+00   1.68278933E+00   1.59159075E+06   7.32971048E+00 
0 530 3.77807874E-09   1.69883776E-07   4.50675124E-08   2.78869745E-08   1.07572902E-08   7.04411196E-10   9.83202355E-08   9.60939980E+00   -6.32374361E-02   1.31505683E-01   1.10754043E-01   9.58586884E+00   6.46108016E-03   1.87371708E-02   1.11113824E-01   9.53302956E+00   -2.27079578E-02   4.61391546E-02   1.11630395E-01   1.68238854E+00   1.60894612E+06   7.36762428E+00   1.68118823E+00   1.64682700E+06   7.45037651E+00   1.68288577E+00   1.58667750E+06   7.31897736E+00 
0 540 3.58624663E-09   1.66816974E-07   4.40846115E-08   2.65716231E-08   9.99613370E-09   7.00052738E-10   9.60140341E-08   9.60805798E+00   -6.29505515E-02   1.30665898E-01   1.10772252E-01   9.57357407E+00   1.28016528E-02   1.87662765E-02   1.11258253E-01   9.53218555E+00   -2.19941344E-02   4.59270105E-02   1.11643523E-01   1.68240190E+00   1.60842438E+06   7.36648464E+00   1.68120563E+00   1.64636225E+06   7.44936132E+00   1.68297935E+00   1.58149988E+06   7.30766678E+00 
0 550 3.17167315E-09   1.63264872E-07   4.34850236E-08   2.63345949E-08   8.62511840E-09   6.95856817E-10   9.36784161E-08   9.60637188E+00   -6.25766739E-02   1.29353479E-01   1.10793471E-01   9.56138420E+00   1.96075682E-02   1.82051938E-02   1.11402385E-01   9.53167152E+00   -2.08889153E-02   4.51541655E-02   1.11652859E-01   1.68241906E+00   1.60775512E+06   7.36502218E+00   1.68121874E+00   1.64601125E+06   7.44859457E+00   1.68306375E+00   1.57637062E+06   7.29646158E+00 
0 560 2.76002421E-09   1.59542921E-07   4.28037126E-08   2.64308913E-08   7.60631469E-09   6.91796564E-10   9.12716303E-08   9.60438156E+00   -6.21741526E-02   1.28084198E-01   1.10816933E-01   9.54976368E+00   2.66630556E-02   1.70995891E-02   1.11540422E-01   9.53149128E+00   -1.99518781E-02   4.42098454E-02   1.11657672E-01   1.68243945E+00   1.60694738E+06   7.36325788E+00   1.68122685E+00   1.64579500E+06   7.44812202E+00   1.68313658E+00   1.57147888E+06   7.28577518E+00 
0 570 2.60498467E-09   1.56122042E-07   4.17020942E-08   2.59852335E-08   7.83082665E-09   6.87786605E-10   8.88875107E-08   9.60218143E+00   -6.18159436E-02   1.27292812E-01   1.10841610E-01   9.53865242E+00   3.38245109E-02   1.57658383E-02   1.11672647E-01   9.53143978E+00   -1.95546206E-02   4.33925353E-02   1.11659855E-01   1.68246222E+00   1.60603788E+06   7.36127090E+00   1.68123233E+00   1.64564762E+06   7.44780016E+00   1.68319929E+00   1.56680612E+06   7.27556753E+00 
0 580 2.66833267E-09   1.53387859E-07   4.04903773E-08   2.48392951E-08   8.66392647E-09   6.83710033E-10   8.66541257E-08   9.59989834E+00   -6.15632758E-02   1.27163202E-01   1.10866427E-01   9.52758217E+00   4.10790406E-02   1.45638213E-02   1.11804359E-01   9.53120804E+00   -1.96767021E-02   4.28557657E-02   1.11662939E-01   1.68248594E+00   1.60507925E+06   7.35917664E+00   1.68123972E+00   1.64544638E+06   7.44736052E+00   1.68325472E+00   1.56217050E+06   7.26544094E+00 
0 590 2.66678990E-09   1.51553252E-07   3.98476452E-08   2.37081412E-08   8.82571438E-09   6.79491630E-10   8.46600230E-08   9.59769154E+00   -6.14406019E-02   1.27607509E-01   1.10890187E-01   9.51600742E+00   4.85030897E-02   1.36885075E-02   1.11941963E-01   9.53052998E+00   -1.99890155E-02   4.26552929E-02   1.11670449E-01   1.68250895E+00   1.60413600E+06   7.35711622E+00   1.68125355E+00   1.64507388E+06   7.44654655E+00   1.68330526E+00   1.55735312E+06   7.25491714E+00 
0 600 2.49052379E-09   1.50522936E-07   3.98315194E-08   2.32713493E-08   7.93307109E-09   6.75128953E-10   8.28741591E-08   9.59573269E+00   -6.14300482E-02   1.28364474E-01   1.10911518E-01   9.50361443E+00   5.61610609E-02   1.30930338E-02   1.12089314E-01   9.52932549E+00   -2.01235488E-02   4.27940600E-02   1.11683980E-01   1.68252969E+00   1.60327812E+06   7.35524225E+00   1.68127537E+00   1.64448538E+06   7.44526100E+00   1.68335116E+00   1.55222300E+06   7.24371004E+00 
0 610 2.32848896E-09   1.49838399E-07   3.96833748E-08   2.32456880E-08   6.74844758E-09   6.70730249E-10   8.12372321E-08   9.59417152E+00   -6.14829622E-02   1.29137486E-01   1.10929139E-01   9.49045658E+00   6.40348122E-02   1.25661800E-02   1.12245940E-01   9.52777195E+00   -1.99176949E-02   4.32100222E-02   1.11702137E-01   1.68254673E+00   1.60256750E+06   7.35368967E+00   1.68130255E+00   1.64374438E+06   7.44364214E+00   1.68339086E+00   1.54679062E+06   7.23184299E+00 
0 620 2.39269227E-09   1.49003796E-07   3.88307768E-08   2.29222881E-08   6.44577947E-09   6.66465050E-10   7.96939332E-08   9.59307671E+00   -6.15411438E-02   1.29700243E-01   1.10942349E-01   9.47685909E+00   7.20152929E-02   1.19052259E-02   1.12408020E-01   9.52624226E+00   -1.94768813E-02   4.37425599E-02   1.11720905E-01   1.68255925E+00   1.60203812E+06   7.35253334E+00   1.68132973E+00   1.64300038E+06   7.44201708E+00   1.68342221E+00   1.54117362E+06   7.21957207E+00 
0 630 2.56164712E-09   1.47894298E-07   3.75287819E-08   2.21273151E-08   6.88605528E-09   6.62459920E-10   7.81544074E-08   9.59239864E+00   -6.15577884E-02   1.29933402E-01   1.10951528E-01   9.46319962E+00   7.99502134E-02   1.10562928E-02   1.12571083E-01   9.52512455E+00   -1.90482438E-02   4.41531911E-02   1.11735702E-01   1.68256783E+00   1.60167838E+06   7.35174751E+00   1.68135107E+00   1.64241275E+06   7.44073296E+00   1.68344390E+00   1.53551325E+06   7.20720673E+00 
0 640 2.58446864E-09   1.46743020E-07   3.63914197E-08   2.12141718E-08   6.97535851E-09   6.58782362E-10   7.66151729E-08   9.59196949E+00   -6.15094490E-02   1.29813835E-01   1.10958174E-01   9.44970703E+00   8.77070278E-02   1.01434104E-02   1.12732299E-01   9.52460861E+00   -1.88296773E-02   4.42238860E-02   1.11743905E-01   1.68257356E+00   1.60143038E+06   7.35120535E+00   1.68136370E+00   1.64206150E+06   7.43996620E+00   1.68345559E+00   1.52989825E+06   7.19494057E+00 
0 650 2.39646036E-09   1.45797074E-07   3.56567966E-08   2.04557704E-08   6.32330899E-09   6.55416998E-10   7.51768994E-08   9.59155941E+00   -6.13995194E-02   1.29393622E-01   1.10964447E-01   9.43639374E+00   9.52171087E-02   9.38260555E-03   1.12891547E-01   9.52456665E+00   -1.88480560E-02   4.38775457E-02   1.11746565E-01   1.68257892E+00   1.60120575E+06   7.35071468E+00   1.68136954E+00   1.64189962E+06   7.43961239E+00   1.68345737E+00   1.52433888E+06   7.18279600E+00 
0 660 2.13399121E-09   1.45096877E-07   3.51434686E-08   1.97774845E-08   5.40021006E-09   6.52259635E-10   7.37736841E-08   9.59095955E+00   -6.12492003E-02   1.28783613E-01   1.10972404E-01   9.42313862E+00   1.02473840E-01   8.94481689E-03   1.13050357E-01   9.52460861E+00   -1.89652462E-02   4.32295762E-02   1.11747921E-01   1.68258560E+00   1.60091738E+06   7.35008478E+00   1.68137407E+00   1.64177562E+06   7.43934155E+00   1.68344975E+00   1.51879700E+06   7.17068958E+00 
0 670 1.99569761E-09   1.44543122E-07   3.46419391E-08   1.90409999E-08   5.00013098E-09   6.49212295E-10   7.23974907E-08   9.59004974E+00   -6.10882193E-02   1.28135413E-01   1.10983200E-01   9.40983963E+00   1.09501742E-01   8.86322372E-03   1.13210149E-01   9.52428436E+00   -1.89842507E-02   4.25236560E-02   1.11753114E-01   1.68259501E+00   1.60051012E+06   7.34919548E+00   1.68138337E+00   1.64151612E+06   7.43877459E+00   1.68343246E+00   1.51323738E+06   7.15854454E+00 
0 680 2.04969730E-09   1.44025151E-07   3.40732953E-08   1.83001649E-08   5.35604361E-09   6.46231957E-10   7.10921384E-08   9.58883953E+00   -6.09439015E-02   1.27611786E-01   1.10996746E-01   9.39650059E+00   1.16324320E-01   9.02846921E-03   1.13371052E-01   9.52332211E+00   -1.87752843E-02   4.19882499E-02   1.11765362E-01   1.68260729E+00   1.59997825E+06   7.34803343E+00   1.68140113E+00   1.64101962E+06   7.43768978E+00   1.68340540E+00   1.50766338E+06   7.14636755E+00 
0 690 2.18957852E-09   1.43455310E-07   3.34179582E-08   1.77490698E-08   5.95495298E-09   6.43318121E-10   6.98600928E-08   9.58744812E+00   -6.08345978E-02   1.27343282E-01   1.11011855E-01   9.38323212E+00   1.22923307E-01   9.27119050E-03   1.13531850E-01   9.52176476E+00   -1.83463097E-02   4.17117625E-02   1.11784332E-01   1.68262148E+00   1.59936288E+06   7.34668875E+00   1.68142676E+00   1.64030275E+06   7.43612385E+00   1.68336892E+00   1.50211500E+06   7.13424730E+00 
0 700 2.28370833E-09   1.42792132E-07   3.26721619E-08   1.75204899E-08   6.30726227E-09   6.40516529E-10   6.87005937E-08   9.58605003E+00   -6.07677288E-02   1.27384201E-01   1.11026809E-01   9.37017632E+00   1.29257679E-01   9.45526361E-03   1.13690808E-01   9.51991272E+00   -1.78286973E-02   4.16212529E-02   1.11806586E-01   1.68263578E+00   1.59873100E+06   7.34530878E+00   1.68145597E+00   1.63947888E+06   7.43432379E+00   1.68332350E+00   1.49664175E+06   7.12229061E+00 
0 710 2.26578378E-09   1.42075152E-07   3.18530091E-08   1.75729884E-08   6.21702467E-09   6.37878084E-10   6.76012348E-08   9.58480740E+00   -6.07400127E-02   1.27694383E-01   1.11040071E-01   9.35740757E+00   1.35271311E-01   9.53895040E-03   1.13846898E-01   9.51813889E+00   -1.73974987E-02   4.15701270E-02   1.11827858E-01   1.68264890E+00   1.59814988E+06   7.34403944E+00   1.68148386E+00   1.63868412E+06   7.43258810E+00   1.68326986E+00   1.49127038E+06   7.11055660E+00 
0 720 2.14458784E-09   1.41409799E-07   3.09765227E-08   1.77295831E-08   5.73952175E-09   6.35433650E-10   6.65366926E-08   9.58381844E+00   -6.07387759E-02   1.28157198E-01   1.11050740E-01   9.34490204E+00   1.40920073E-01   9.57116857E-03   1.14000238E-01   9.51668072E+00   -1.71763096E-02   4.14607152E-02   1.11845434E-01   1.68265975E+00   1.59766388E+06   7.34297752E+00   1.68150771E+00   1.63800288E+06   7.43109989E+00   1.68320847E+00   1.48599075E+06   7.09902287E+00 
0 730 1.99014982E-09   1.40876040E-07   3.00418144E-08   1.77762089E-08   5.14211607E-09   6.33195441E-10   6.55202115E-08   9.58310127E+00   -6.07456528E-02   1.28625721E-01   1.11058772E-01   9.33256721E+00   1.46177426E-01   9.64514259E-03   1.14151783E-01   9.51553822E+00   -1.71739738E-02   4.13076095E-02   1.11859404E-01   1.68266821E+00   1.59728500E+06   7.34214973E+00   1.68152750E+00   1.63743350E+06   7.42985582E+00   1.68313909E+00   1.48076412E+06   7.08760500E+00 
0 740 1.88527594E-09   1.40463413E-07   2.90660918E-08   1.75678405E-08   4.74932893E-09   6.31151575E-10   6.45406928E-08   9.58259869E+00   -6.07411005E-02   1.28975153E-01   1.11064814E-01   9.32030106E+00   1.51022583E-01   9.84440185E-03   1.14302672E-01   9.51452541E+00   -1.72796566E-02   4.12006192E-02   1.11872047E-01   1.68267453E+00   1.59699538E+06   7.34151697E+00   1.68154562E+00   1.63690925E+06   7.42871046E+00   1.68306136E+00   1.47554738E+06   7.07620907E+00 
0 750 1.85419324E-09   1.40088872E-07   2.81116019E-08   1.70927663E-08   4.64437111E-09   6.29281571E-10   6.35962394E-08   9.58221531E+00   -6.07094057E-02   1.29137367E-01   1.11069866E-01   9.30806637E+00   1.55435666E-01   1.02152573E-02   1.14453368E-01   9.51341343E+00   -1.73207615E-02   4.12056483E-02   1.11886121E-01   1.68267977E+00   1.59675950E+06   7.34100199E+00   1.68156481E+00   1.63635075E+06   7.42749071E+00   1.68297493E+00   1.47031762E+06   7.06478453E+00 
0 760 1.84935545E-09   1.39645493E-07   2.72737068E-08   1.64788148E-08   4.60570915E-09   6.27579877E-10   6.26946246E-08   9.58184910E+00   -6.06437698E-02   1.29108265E-01   1.11074872E-01   9.29589939E+00   1.59400195E-01   1.07591767E-02   1.14603497E-01   9.51207066E+00   -1.71538088E-02   4.12864089E-02   1.11903183E-01   1.68268466E+00   1.59653850E+06   7.34051895E+00   1.68158650E+00   1.63571488E+06   7.42610121E+00   1.68288004E+00   1.46508400E+06   7.05335140E+00 
0 770 1.81862525E-09   1.39044644E-07   2.66073918E-08   1.59247566E-08   4.42688197E-09   6.26043384E-10   6.18249842E-08   9.58142471E+00   -6.05473705E-02   1.28932938E-01   1.11080490E-01   9.28389645E+00   1.62901878E-01   1.14648053E-02   1.14751995E-01   9.51051044E+00   -1.67385936E-02   4.13109362E-02   1.11922964E-01   1.68268979E+00   1.59630125E+06   7.34000063E+00   1.68161058E+00   1.63500850E+06   7.42455816E+00   1.68277717E+00   1.45988262E+06   7.04198885E+00 
0 780 1.76251835E-09   1.38235308E-07   2.60529056E-08   1.55528088E-08   4.16453227E-09   6.24675256E-10   6.09719208E-08   9.58090401E+00   -6.04310557E-02   1.28682271E-01   1.11086987E-01   9.27217865E+00   1.65935874E-01   1.23176873E-02   1.14897512E-01   9.50884247E+00   -1.61530916E-02   4.11401764E-02   1.11944027E-01   1.68269575E+00   1.59603038E+06   7.33940935E+00   1.68163562E+00   1.63426938E+06   7.42294407E+00   1.68266761E+00   1.45476125E+06   7.03080082E+00 
0 790 1.72983972E-09   1.37210066E-07   2.54634873E-08   1.53027120E-08   4.10228473E-09   6.23468110E-10   6.01302688E-08   9.58028603E+00   -6.03087097E-02   1.28432810E-01   1.11094274E-01   9.26083755E+00   1.68507144E-01   1.32985394E-02   1.15038984E-01   9.50716782E+00   -1.55397905E-02   4.07331958E-02   1.11964971E-01   1.68270242E+00   1.59572238E+06   7.33873606E+00   1.68166041E+00   1.63353025E+06   7.42132902E+00   1.68255293E+00   1.44976162E+06   7.01987886E+00 
0 800 1.75887882E-09   1.36013028E-07   2.47324028E-08   1.50286521E-08   4.40381598E-09   6.22399909E-10   5.93049165E-08   9.57959843E+00   -6.01936653E-02   1.28252462E-01   1.11102052E-01   9.24991703E+00   1.70632794E-01   1.43748373E-02   1.15175918E-01   9.50550938E+00   -1.50164720E-02   4.01904024E-02   1.11985408E-01   1.68270969E+00   1.59538450E+06   7.33799791E+00   1.68168485E+00   1.63279388E+06   7.41972017E+00   1.68243408E+00   1.44490850E+06   7.00927687E+00 
0 810 1.82305704E-09   1.34728950E-07   2.38890259E-08   1.46935299E-08   4.83894302E-09   6.21438678E-10   5.85008841E-08   9.57888222E+00   -6.00956269E-02   1.28190115E-01   1.11109950E-01   9.23940754E+00   1.72346160E-01   1.55014079E-02   1.15308404E-01   9.50380039E+00   -1.46069936E-02   3.97031084E-02   1.12006113E-01   1.68271732E+00   1.59503088E+06   7.33722544E+00   1.68171000E+00   1.63203400E+06   7.41806030E+00   1.68231189E+00   1.44020462E+06   6.99900103E+00 
0 820 1.85945093E-09   1.33446576E-07   2.30717134E-08   1.43948462E-08   5.06175146E-09   6.20566987E-10   5.77276502E-08   9.57818127E+00   -6.00181632E-02   1.28266856E-01   1.11117586E-01   9.22926140E+00   1.73685774E-01   1.66252032E-02   1.15436964E-01   9.50195122E+00   -1.42376199E-02   3.94429713E-02   1.12028286E-01   1.68272483E+00   1.59467888E+06   7.33645678E+00   1.68173683E+00   1.63121788E+06   7.41627789E+00   1.68218660E+00   1.43563362E+06   6.98901558E+00 
0 830 1.83675830E-09   1.32209422E-07   2.23729266E-08   1.42060825E-08   4.93658936E-09   6.19786278E-10   5.69721301E-08   9.57753468E+00   -5.99586777E-02   1.28469676E-01   1.11124679E-01   9.21940804E+00   1.74685180E-01   1.77011602E-02   1.15562364E-01   9.49991798E+00   -1.37954466E-02   3.94641049E-02   1.12052605E-01   1.68273199E+00   1.59434538E+06   7.33572817E+00   1.68176568E+00   1.63033325E+06   7.41434526E+00   1.68205786E+00   1.43116638E+06   6.97925711E+00 
0 840 1.77698689E-09   1.30997023E-07   2.17605791E-08   1.40696681E-08   4.58630245E-09   6.19111595E-10   5.62312685E-08   9.57697296E+00   -5.99103607E-02   1.28752604E-01   1.11131020E-01   9.20977020E+00   1.75371826E-01   1.87111311E-02   1.15685448E-01   9.49775124E+00   -1.32068954E-02   3.96791212E-02   1.12078689E-01   1.68273842E+00   1.59404475E+06   7.33507109E+00   1.68179584E+00   1.62940088E+06   7.41230822E+00   1.68192518E+00   1.42677038E+06   6.96965361E+00 
0 850 1.72184278E-09   1.29745899E-07   2.11645457E-08   1.38697827E-08   4.25232738E-09   6.18565255E-10   5.55012072E-08   9.57651043E+00   -5.98643757E-02   1.29048541E-01   1.11136481E-01   9.20028496E+00   1.75765321E-01   1.96678974E-02   1.15806907E-01   9.49557209E+00   -1.24826971E-02   3.99189219E-02   1.12105243E-01   1.68274379E+00   1.59378538E+06   7.33450508E+00   1.68182576E+00   1.62846538E+06   7.41026497E+00   1.68178773E+00   1.42241850E+06   6.96014690E+00 
0 860 1.68503134E-09   1.28401211E-07   2.05948290E-08   1.35641143E-08   4.06550349E-09   6.18162577E-10   5.47842696E-08   9.57614708E+00   -5.98122887E-02   1.29289493E-01   1.11141078E-01   9.19092560E+00   1.75875068E-01   2.06059106E-02   1.15927011E-01   9.49350071E+00   -1.17006516E-02   4.00324576E-02   1.12130821E-01   1.68274844E+00   1.59356925E+06   7.33403301E+00   1.68185413E+00   1.62757075E+06   7.40831041E+00   1.68164551E+00   1.41809638E+06   6.95070505E+00 
0 870 1.64731462E-09   1.26940080E-07   2.01326973E-08   1.32079379E-08   3.95976851E-09   6.17908669E-10   5.40785408E-08   9.57586670E+00   -5.97481579E-02   1.29427940E-01   1.11144938E-01   9.18169308E+00   1.75700828E-01   2.15667002E-02   1.16045684E-01   9.49159050E+00   -1.09444354E-02   3.99619192E-02   1.12154737E-01   1.68275213E+00   1.59339050E+06   7.33364201E+00   1.68188047E+00   1.62673475E+06   7.40648413E+00   1.68149853E+00   1.41380475E+06   6.94132996E+00 
0 880 1.59061997E-09   1.25354418E-07   1.98347703E-08   1.28788136E-08   3.82507359E-09   6.17791374E-10   5.33867031E-08   9.57563686E+00   -5.96700571E-02   1.29450530E-01   1.11148298E-01   9.17262363E+00   1.75244421E-01   2.25831158E-02   1.16162501E-01   9.48979187E+00   -1.02441199E-02   3.97528186E-02   1.12177409E-01   1.68275535E+00   1.59323688E+06   7.33330679E+00   1.68190527E+00   1.62593900E+06   7.40474558E+00   1.68134749E+00   1.40955812E+06   6.93205261E+00 
0 890 1.52134150E-09   1.23650409E-07   1.96771417E-08   1.26231887E-08   3.64856034E-09   6.17787266E-10   5.27082804E-08   9.57542324E+00   -5.95805682E-02   1.29378602E-01   1.11151457E-01   9.16376686E+00   1.74515724E-01   2.36718766E-02   1.16276868E-01   9.48798370E+00   -9.55985393E-03   3.95051353E-02   1.12200141E-01   1.68275833E+00   1.59309375E+06   7.33299398E+00   1.68193007E+00   1.62513988E+06   7.40299988E+00   1.68119335E+00   1.40537938E+06   6.92292404E+00 
0 900 1.46421064E-09   1.21843058E-07   1.95879331E-08   1.24508404E-08   3.50678087E-09   6.17864593E-10   5.20517496E-08   9.57519341E+00   -5.94857894E-02   1.29256651E-01   1.11154705E-01   9.15517807E+00   1.73537925E-01   2.48328913E-02   1.16388194E-01   9.48603725E+00   -8.81723594E-03   3.93064134E-02   1.12224355E-01   1.68276143E+00   1.59294675E+06   7.33267260E+00   1.68195605E+00   1.62429150E+06   7.40114641E+00   1.68103731E+00   1.40129300E+06   6.91399717E+00 
0 910 1.44437817E-09   1.19956766E-07   1.94865315E-08   1.23344597E-08   3.49556384E-09   6.18004536E-10   5.14240064E-08   9.57492352E+00   -5.93932047E-02   1.29135698E-01   1.11158229E-01   9.14689350E+00   1.72341928E-01   2.60543618E-02   1.16496071E-01   9.48388767E+00   -7.96469115E-03   3.91908772E-02   1.12250827E-01   1.68276477E+00   1.59278588E+06   7.33232164E+00   1.68198407E+00   1.62336925E+06   7.39913225E+00   1.68088067E+00   1.39731912E+06   6.90531635E+00 
0 920 1.46914425E-09   1.18014142E-07   1.93064160E-08   1.22263568E-08   3.64702002E-09   6.18195273E-10   5.08266318E-08   9.57461071E+00   -5.93092702E-02   1.29058361E-01   1.11162081E-01   9.13892365E+00   1.70965895E-01   2.73124762E-02   1.16600409E-01   9.48155403E+00   -7.01159239E-03   3.91426943E-02   1.12279333E-01   1.68276846E+00   1.59260788E+06   7.33193254E+00   1.68201399E+00   1.62237975E+06   7.39697075E+00   1.68072414E+00   1.39346838E+06   6.89690399E+00 
0 930 1.51934687E-09   1.16039807E-07   1.90255101E-08   1.20851649E-08   3.88234733E-09   6.18439910E-10   5.02577926E-08   9.57426453E+00   -5.92378899E-02   1.29050285E-01   1.11166194E-01   9.13125515E+00   1.69443950E-01   2.85743047E-02   1.16701417E-01   9.47912788E+00   -6.02367474E-03   3.91302519E-02   1.12308860E-01   1.68277240E+00   1.59241575E+06   7.33151245E+00   1.68204451E+00   1.62135450E+06   7.39473057E+00   1.68056822E+00   1.38974000E+06   6.88875914E+00 
0 940 1.56138780E-09   1.14063624E-07   1.86805629E-08   1.19071641E-08   4.06368539E-09   6.18746721E-10   4.97164443E-08   9.57390881E+00   -5.91799766E-02   1.29118547E-01   1.11170359E-01   9.12384892E+00   1.67802602E-01   2.98021156E-02   1.16799526E-01   9.47671986E+00   -5.08267665E-03   3.91401574E-02   1.12338170E-01   1.68277645E+00   1.59221825E+06   7.33108139E+00   1.68207467E+00   1.62033188E+06   7.39249706E+00   1.68041277E+00   1.38612250E+06   6.88085651E+00 
0 950 1.56986946E-09   1.12114478E-07   1.83415843E-08   1.17147065E-08   4.08999323E-09   6.19120755E-10   4.92036953E-08   9.57357502E+00   -5.91337942E-02   1.29253820E-01   1.11174330E-01   9.11665344E+00   1.66059598E-01   3.09658814E-02   1.16895303E-01   9.47440720E+00   -4.23792796E-03   3.91863845E-02   1.12366416E-01   1.68278039E+00   1.59202738E+06   7.33066416E+00   1.68210363E+00   1.61934000E+06   7.39032984E+00   1.68025744E+00   1.38259675E+06   6.87315464E+00 
0 960 1.54213764E-09   1.10207665E-07   1.80577580E-08   1.15296537E-08   3.95458777E-09   6.19566509E-10   4.87126037E-08   9.57328987E+00   -5.90958707E-02   1.29434139E-01   1.11177854E-01   9.10961437E+00   1.64222538E-01   3.20548825E-02   1.16989337E-01   9.47220612E+00   -3.48120974E-03   3.92918177E-02   1.12393424E-01   1.68278396E+00   1.59185488E+06   7.33028746E+00   1.68213117E+00   1.61838650E+06   7.38824701E+00   1.68010128E+00   1.37913988E+06   6.86560297E+00 
0 970 1.49517287E-09   1.08332607E-07   1.78324502E-08   1.13548841E-08   3.73727271E-09   6.20084817E-10   4.82278963E-08   9.57307339E+00   -5.90621904E-02   1.29629031E-01   1.11180760E-01   9.10268116E+00   1.62294269E-01   3.30858529E-02   1.17082134E-01   9.47008610E+00   -2.75977841E-03   3.94604243E-02   1.12419628E-01   1.68278694E+00   1.59171025E+06   7.32997131E+00   1.68215764E+00   1.61746175E+06   7.38622665E+00   1.67994368E+00   1.37573100E+06   6.85815620E+00 
0 980 1.44836954E-09   1.06461385E-07   1.76436643E-08   1.11896172E-08   3.53790397E-09   6.20672957E-10   4.77570801E-08   9.57293510E+00   -5.90290315E-02   1.29804760E-01   1.11182965E-01   9.09582710E+00   1.60275057E-01   3.40980738E-02   1.17174000E-01   9.46799660E+00   -2.01412733E-03   3.96630242E-02   1.12445615E-01   1.68278921E+00   1.59159775E+06   7.32972574E+00   1.68218338E+00   1.61654900E+06   7.38423300E+00   1.67978418E+00   1.37235675E+06   6.85078478E+00 
0 990 1.40630241E-09   1.04562801E-07   1.74797368E-08   1.10562874E-08   3.39252004E-09   6.21321494E-10   4.73001336E-08   9.57286835E+00   -5.89931644E-02   1.29931122E-01   1.11184523E-01   9.08904266E+00   1.58162102E-01   3.51435058E-02   1.17265001E-01   9.46589947E+00   -1.21357094E-03   3.98480780E-02   1.12471811E-01   1.68279088E+00   1.59151625E+06   7.32954788E+00   1.68220901E+00   1.61563538E+06   7.38223696E+00   1.67962253E+00   1.36901388E+06   6.84348202E+00 
0 1000 1.35880196E-09   1.02620177E-07   1.73447088E-08   1.10065130E-08   3.25846816E-09   6.22025265E-10   4.68607588E-08   9.57285309E+00   -5.89523092E-02   1.29989073E-01   1.11185573E-01   9.08234310E+00   1.55953884E-01   3.62728648E-02   1.17354974E-01   9.46378517E+00   -3.69107496E-04   3.99701558E-02   1.12498276E-01   1.68279207E+00   1.59145888E+06   7.32942247E+00   1.68223453E+00   1.61471675E+06   7.38023043E+00   1.67945945E+00   1.36571012E+06   6.83626509E+00 
0 1010 1.29791244E-09   1.00633358E-07   1.72415380E-08   1.10708775E-08   3.09088666E-09   6.22774055E-10   4.64387462E-08   9.57286358E+00   -5.89057691E-02   1.29976615E-01   1.11186370E-01   9.07575893E+00   1.53649881E-01   3.75197604E-02   1.17443576E-01   9.46166420E+00   4.80084476E-04   4.00165208E-02   1.12524807E-01   1.68279290E+00   1.59141462E+06   7.32932568E+00   1.68225980E+00   1.61379575E+06   7.37821817E+00   1.67929578E+00   1.36246100E+06   6.82916737E+00 
0 1020 1.23297561E-09   9.86124178E-08   1.71506489E-08   1.12199343E-08   2.91865887E-09   6.23552820E-10   4.60316869E-08   9.57287025E+00   -5.88547029E-02   1.29910156E-01   1.11187167E-01   9.06932354E+00   1.51255473E-01   3.88930999E-02   1.17530487E-01   9.45954990E+00   1.29365688E-03   4.00157869E-02   1.12551168E-01   1.68279386E+00   1.59137150E+06   7.32923174E+00   1.68228471E+00   1.61287612E+06   7.37620926E+00   1.67913258E+00   1.35928438E+06   6.82222795E+00 
0 1030 1.18768639E-09   9.65766063E-08   1.70417760E-08   1.13790914E-08   2.83376367E-09   6.24349183E-10   4.56375382E-08   9.57284832E+00   -5.88021129E-02   1.29820064E-01   1.11188188E-01   9.06305695E+00   1.48782730E-01   4.03788686E-02   1.17615514E-01   9.45744610E+00   2.05151713E-03   4.00234126E-02   1.12577274E-01   1.68279493E+00   1.59131862E+06   7.32911634E+00   1.68230939E+00   1.61195862E+06   7.37420511E+00   1.67897081E+00   1.35619475E+06   6.81547832E+00 
0 1040 1.17874088E-09   9.45502876E-08   1.69011702E-08   1.14766623E-08   2.88854429E-09   6.25154650E-10   4.52528965E-08   9.57278347E+00   -5.87521195E-02   1.29741833E-01   1.11189589E-01   9.05696297E+00   1.46245316E-01   4.19478528E-02   1.17698677E-01   9.45534706E+00   2.75873207E-03   4.00942825E-02   1.12603217E-01   1.68279624E+00   1.59124975E+06   7.32896566E+00   1.68233383E+00   1.61104062E+06   7.37219954E+00   1.67881107E+00   1.35319925E+06   6.80893421E+00 
0 1050 1.19915122E-09   9.25590626E-08   1.67417369E-08   1.14808270E-08   3.02698666E-09   6.25964502E-10   4.48821389E-08   9.57267761E+00   -5.87087572E-02   1.29705578E-01   1.11191370E-01   9.05102348E+00   1.43656626E-01   4.35654782E-02   1.17780246E-01   9.45324421E+00   3.43347015E-03   4.02580649E-02   1.12629116E-01   1.68279803E+00   1.59116425E+06   7.32877874E+00   1.68235803E+00   1.61012000E+06   7.37018871E+00   1.67865372E+00   1.35029588E+06   6.80259180E+00 
0 1060 1.22585742E-09   9.06212421E-08   1.65847123E-08   1.13973480E-08   3.14366022E-09   6.26782348E-10   4.45255104E-08   9.57254314E+00   -5.86748905E-02   1.29727960E-01   1.11193404E-01   9.04520226E+00   1.41027480E-01   4.52011041E-02   1.17860645E-01   9.45114708E+00   4.09055408E-03   4.05099504E-02   1.12654969E-01   1.68279994E+00   1.59106738E+06   7.32856703E+00   1.68238199E+00   1.60919988E+06   7.36817837E+00   1.67849827E+00   1.34747525E+06   6.79643011E+00 
0 1070 1.23903521E-09   8.87429081E-08   1.64386247E-08   1.12505809E-08   3.17129367E-09   6.27613017E-10   4.41828050E-08   9.57240677E+00   -5.86513020E-02   1.29808605E-01   1.11195482E-01   9.03946018E+00   1.38371274E-01   4.68443632E-02   1.17940329E-01   9.44907856E+00   4.73276712E-03   4.08180803E-02   1.12680554E-01   1.68280196E+00   1.59096850E+06   7.32835150E+00   1.68240535E+00   1.60828950E+06   7.36618996E+00   1.67834413E+00   1.34472325E+06   6.79041815E+00 
0 1080 1.23173471E-09   8.69162520E-08   1.62977507E-08   1.10676384E-08   3.10536574E-09   6.28463670E-10   4.38520971E-08   9.57229328E+00   -5.86364493E-02   1.29931524E-01   1.11197352E-01   9.03375912E+00   1.35697141E-01   4.84790131E-02   1.18019737E-01   9.44707489E+00   5.35373949E-03   4.11409326E-02   1.12705491E-01   1.68280375E+00   1.59087900E+06   7.32815552E+00   1.68242800E+00   1.60740275E+06   7.36425257E+00   1.67819083E+00   1.34202475E+06   6.78452349E+00 
0 1090 1.20728516E-09   8.51279722E-08   1.61566795E-08   1.08774545E-08   2.98246294E-09   6.29339691E-10   4.35306262E-08   9.57222652E+00   -5.86269945E-02   1.30070627E-01   1.11198805E-01   9.02806854E+00   1.33008316E-01   5.01056351E-02   1.18099198E-01   9.44516659E+00   5.94592886E-03   4.14452814E-02   1.12729430E-01   1.68280518E+00   1.59080812E+06   7.32800055E+00   1.68244946E+00   1.60655100E+06   7.36239195E+00   1.67803764E+00   1.33936775E+06   6.77871895E+00 
0 1100 1.17244559E-09   8.33651015E-08   1.60151714E-08   1.07092557E-08   2.84659918E-09   6.30234254E-10   4.32163461E-08   9.57221699E+00   -5.86187616E-02   1.30197138E-01   1.11199737E-01   9.02237415E+00   1.30302176E-01   5.17388657E-02   1.18178837E-01   9.44336224E+00   6.50779670E-03   4.17162962E-02   1.12752222E-01   1.68280613E+00   1.59076088E+06   7.32789755E+00   1.68246973E+00   1.60573800E+06   7.36061573E+00   1.67788422E+00   1.33674562E+06   6.77299070E+00 
0 1110 1.13200926E-09   8.16187367E-08   1.58768518E-08   1.05913642E-08   2.72197531E-09   6.31135533E-10   4.29086988E-08   9.57225990E+00   -5.86079434E-02   1.30286857E-01   1.11200176E-01   9.01667309E+00   1.27573967E-01   5.34002930E-02   1.18258640E-01   9.44164562E+00   7.04752468E-03   4.19564731E-02   1.12774022E-01   1.68280661E+00   1.59073675E+06   7.32784510E+00   1.68248892E+00   1.60495812E+06   7.35891199E+00   1.67773080E+00   1.33415812E+06   6.76733828E+00 
0 1120 1.08691722E-09   7.98864761E-08   1.57490110E-08   1.05421218E-08   2.60401944E-09   6.32031205E-10   4.26077840E-08   9.57234097E+00   -5.85920624E-02   1.30325601E-01   1.11200266E-01   9.01097965E+00   1.24816388E-01   5.51115945E-02   1.18338466E-01   9.43998051E+00   7.57743837E-03   4.21787240E-02   1.12795204E-01   1.68280685E+00   1.59073000E+06   7.32783031E+00   1.68250751E+00   1.60419888E+06   7.35725355E+00   1.67757773E+00   1.33161075E+06   6.76177359E+00 
0 1130 1.03735054E-09   7.81707854E-08   1.56335389E-08   1.05587512E-08   2.47812038E-09   6.32902175E-10   4.23138111E-08   9.57243538E+00   -5.85704073E-02   1.30312100E-01   1.11200228E-01   9.00531292E+00   1.22024506E-01   5.68874851E-02   1.18418097E-01   9.43833447E+00   8.10473692E-03   4.23983820E-02   1.12816133E-01   1.68280673E+00   1.59073100E+06   7.32783270E+00   1.68252563E+00   1.60344800E+06   7.35561323E+00   1.67742562E+00   1.32911200E+06   6.75631475E+00 
0 1140 9.87578130E-10   7.64796084E-08   1.55232875E-08   1.06111839E-08   2.34913178E-09   6.33727570E-10   4.20269579E-08   9.57251835E+00   -5.85440472E-02   1.30257890E-01   1.11200288E-01   8.99969006E+00   1.19197443E-01   5.87279499E-02   1.18497334E-01   9.43668747E+00   8.62774812E-03   4.26277407E-02   1.12837002E-01   1.68280685E+00   1.59072975E+06   7.32782984E+00   1.68254364E+00   1.60269862E+06   7.35397625E+00   1.67727518E+00   1.32667138E+06   6.75098324E+00 
0 1150 9.46701273E-10   7.48218838E-08   1.54013264E-08   1.06519238E-08   2.24995556E-09   6.34499175E-10   4.17472492E-08   9.57256985E+00   -5.85154258E-02   1.30183935E-01   1.11200623E-01   8.99412632E+00   1.16339043E-01   6.06192499E-02   1.18576042E-01   9.43504715E+00   9.13853757E-03   4.28744331E-02   1.12857744E-01   1.68280709E+00   1.59071775E+06   7.32780361E+00   1.68256128E+00   1.60195262E+06   7.35234642E+00   1.67712700E+00   1.32429625E+06   6.74579477E+00 
0 1160 9.22972754E-10   7.32053067E-08   1.52503912E-08   1.06322915E-08   2.21530261E-09   6.35213881E-10   4.14751824E-08   9.57258129E+00   -5.84876575E-02   1.30115107E-01   1.11201331E-01   8.98862743E+00   1.13457248E-01   6.25363290E-02   1.18654199E-01   9.43343735E+00   9.62888077E-03   4.31421883E-02   1.12878084E-01   1.68280756E+00   1.59069050E+06   7.32774401E+00   1.68257856E+00   1.60121838E+06   7.35074282E+00   1.67698145E+00   1.32199112E+06   6.74075890E+00 
0 1170 9.16200338E-10   7.16396187E-08   1.50629624E-08   1.05222586E-08   2.24207541E-09   6.35875796E-10   4.12110772E-08   9.57255650E+00   -5.84637709E-02   1.30073473E-01   1.11202382E-01   8.98318863E+00   1.10565580E-01   6.44483119E-02   1.18731849E-01   9.43188667E+00   1.00948047E-02   4.34319749E-02   1.12897687E-01   1.68280840E+00   1.59064825E+06   7.32765150E+00   1.68259513E+00   1.60050675E+06   7.34918785E+00   1.67683876E+00   1.31975562E+06   6.73587561E+00 
0 1180 9.16715592E-10   7.01316267E-08   1.48438914E-08   1.03197468E-08   2.28517139E-09   6.36489916E-10   4.09513881E-08   9.57250690E+00   -5.84458373E-02   1.30072519E-01   1.11203671E-01   8.97779942E+00   1.07680924E-01   6.63256422E-02   1.18809149E-01   9.43041706E+00   1.05380835E-02   4.37426530E-02   1.12916328E-01   1.68280947E+00   1.59059562E+06   7.32753658E+00   1.68261087E+00   1.59982562E+06   7.34770012E+00   1.67669880E+00   1.31758562E+06   6.73113489E+00 
0 1190 9.12560472E-10   6.86836898E-08   1.46019525E-08   1.00451389E-08   2.29450525E-09   6.37056075E-10   4.06990779E-08   9.57245064E+00   -5.84345050E-02   1.30113631E-01   1.11205027E-01   8.97244358E+00   1.04819134E-01   6.81451485E-02   1.18886270E-01   9.42903423E+00   1.09647810E-02   4.40711528E-02   1.12933949E-01   1.68281066E+00   1.59053975E+06   7.32741451E+00   1.68262565E+00   1.59917800E+06   7.34628487E+00   1.67656124E+00   1.31547450E+06   6.72652340E+00 
0 1200 8.97399544E-10   6.72914595E-08   1.43442715E-08   9.73048753E-09   2.24912022E-09   6.37581932E-10   4.04533260E-08   9.57240868E+00   -5.84288947E-02   1.30186290E-01   1.11206278E-01   8.96710968E+00   1.01993658E-01   6.98933601E-02   1.18963316E-01   9.42773151E+00   1.13818590E-02   4.44121137E-02   1.12950630E-01   1.68281162E+00   1.59048888E+06   7.32730341E+00   1.68263960E+00   1.59856188E+06   7.34493923E+00   1.67642570E+00   1.31341512E+06   6.72202444E+00 
0 1210 8.72352912E-10   6.59459261E-08   1.40711238E-08   9.40956557E-09   2.16200502E-09   6.38072095E-10   4.02151379E-08   9.57239342E+00   -5.84267750E-02   1.30271584E-01   1.11207291E-01   8.96179008E+00   9.92155224E-02   7.15675578E-02   1.19040333E-01   9.42649937E+00   1.17943091E-02   4.47580554E-02   1.12966508E-01   1.68281245E+00   1.59044925E+06   7.32721663E+00   1.68265283E+00   1.59797400E+06   7.34365511E+00   1.67629182E+00   1.31140138E+06   6.71762514E+00 
0 1220 8.42880266E-10   6.46333476E-08   1.37812339E-08   9.11017750E-09   2.06412021E-09   6.38533393E-10   3.99827726E-08   9.57241344E+00   -5.84251508E-02   1.30347908E-01   1.11208014E-01   8.95648384E+00   9.64914411E-02   7.31735602E-02   1.19117290E-01   9.42532825E+00   1.22044636E-02   4.51008677E-02   1.12981677E-01   1.68281293E+00   1.59042400E+06   7.32716179E+00   1.68266535E+00   1.59741138E+06   7.34242582E+00   1.67615962E+00   1.30943012E+06   6.71331882E+00 
0 1230 8.13726919E-10   6.33448209E-08   1.34774050E-08   8.85330298E-09   1.97971839E-09   6.38965825E-10   3.97500948E-08   9.57246399E+00   -5.84211163E-02   1.30396977E-01   1.11208461E-01   8.95119762E+00   9.38258618E-02   7.47231841E-02   1.19194068E-01   9.42421627E+00   1.26124416E-02   4.54340987E-02   1.12996154E-01   1.68281317E+00   1.59041275E+06   7.32713699E+00   1.68267727E+00   1.59687312E+06   7.34124994E+00   1.67602897E+00   1.30750062E+06   6.70910406E+00 
0 1240 7.86215870E-10   6.20761398E-08   1.31668436E-08   8.65082139E-09   1.91212712E-09   6.39363562E-10   3.95177508E-08   9.57253361E+00   -5.84125780E-02   1.30408630E-01   1.11208737E-01   8.94594288E+00   9.12228078E-02   7.62308612E-02   1.19270504E-01   9.42316628E+00   1.30169531E-02   4.57549058E-02   1.13009892E-01   1.68281317E+00   1.59041125E+06   7.32713366E+00   1.68268847E+00   1.59636038E+06   7.34012985E+00   1.67590022E+00   1.30561525E+06   6.70498514E+00 
0 1250 7.59669938E-10   6.08285404E-08   1.28560611E-08   8.50123261E-09   1.85128357E-09   6.39722997E-10   3.92856947E-08   9.57260704E+00   -5.83987646E-02   1.30383030E-01   1.11208998E-01   8.94073391E+00   8.86865631E-02   7.77093172E-02   1.19346403E-01   9.42218304E+00   1.34169087E-02   4.60645370E-02   1.13022819E-01   1.68281317E+00   1.59041300E+06   7.32713795E+00   1.68269908E+00   1.59587488E+06   7.33906937E+00   1.67577374E+00   1.30377788E+06   6.70097160E+00 
0 1260 7.34404482E-10   5.96054832E-08   1.25475230E-08   8.38696756E-09   1.79148996E-09   6.40043685E-10   3.90515602E-08   9.57266712E+00   -5.83803840E-02   1.30329892E-01   1.11209378E-01   8.93558693E+00   8.62216726E-02   7.91657269E-02   1.19421601E-01   9.42126942E+00   1.38124591E-02   4.63672392E-02   1.13034897E-01   1.68281317E+00   1.59041138E+06   7.32713413E+00   1.68270898E+00   1.59541750E+06   7.33806992E+00   1.67564976E+00   1.30199338E+06   6.69707298E+00 
0 1270 7.12848836E-10   5.84115831E-08   1.22372565E-08   8.27813462E-09   1.73975356E-09   6.40321185E-10   3.88178734E-08   9.57270145E+00   -5.83593957E-02   1.30265206E-01   1.11210011E-01   8.93051529E+00   8.38359073E-02   8.05995390E-02   1.19495921E-01   9.42042446E+00   1.42052779E-02   4.66679893E-02   1.13046132E-01   1.68281341E+00   1.59040075E+06   7.32711077E+00   1.68271828E+00   1.59498762E+06   7.33713102E+00   1.67552900E+00   1.30026612E+06   6.69329977E+00 
0 1280 7.00773495E-10   5.71871297E-08   1.19193695E-08   8.14228063E-09   1.72076398E-09   6.40554887E-10   3.85852914E-08   9.57270432E+00   -5.83384372E-02   1.30206645E-01   1.11210950E-01   8.92560482E+00   8.15244541E-02   8.20007697E-02   1.19568244E-01   9.41964340E+00   1.45968692E-02   4.69702817E-02   1.13056578E-01   1.68281388E+00   1.59037838E+06   7.32706213E+00   1.68272686E+00   1.59458425E+06   7.33624983E+00   1.67477190E+00   1.29846250E+06   6.68979263E+00 
0 1290 6.99527047E-10   5.59736506E-08   1.15948691E-08   7.96740895E-09   1.74222947E-09   6.40749731E-10   3.83546137E-08   9.57267761E+00   -5.83200902E-02   1.30168810E-01   1.11212157E-01   8.92079735E+00   7.92703778E-02   8.33497047E-02   1.19639359E-01   9.41892433E+00   1.49877481E-02   4.72747609E-02   1.13066256E-01   1.68281448E+00   1.59034462E+06   7.32698822E+00   1.68273497E+00   1.59420662E+06   7.33542490E+00   1.67388809E+00   1.29677288E+06   6.68662739E+00 
0 1300 6.93072877E-10   5.48105739E-08   1.12659615E-08   7.75582798E-09   1.73502179E-09   6.40914599E-10   3.81252185E-08   9.57263184E+00   -5.83061799E-02   1.30159616E-01   1.11213565E-01   8.91588306E+00   7.70978481E-02   8.46413597E-02   1.19712129E-01   9.41826820E+00   1.53769795E-02   4.75797020E-02   1.13075167E-01   1.68281531E+00   1.59030300E+06   7.32689762E+00   1.68274236E+00   1.59385512E+06   7.33465719E+00   1.67303824E+00   1.29514800E+06   6.68358374E+00 
0 1310 6.81892487E-10   5.37090834E-08   1.09377574E-08   7.50733875E-09   1.70382231E-09   6.41054210E-10   3.78977951E-08   9.57257938E+00   -5.82972951E-02   1.30178615E-01   1.11215040E-01   8.91100311E+00   7.50367790E-02   8.58575553E-02   1.19784594E-01   9.41767883E+00   1.57625228E-02   4.78826128E-02   1.13083266E-01   1.68281627E+00   1.59025875E+06   7.32680082E+00   1.68274915E+00   1.59353125E+06   7.33394957E+00   1.67223966E+00   1.29362125E+06   6.68072319E+00 
0 1320 6.67605360E-10   5.26449817E-08   1.06183142E-08   7.23459204E-09   1.65737302E-09   6.41176667E-10   3.76729581E-08   9.57253361E+00   -5.82926460E-02   1.30217656E-01   1.11216471E-01   8.90625191E+00   7.31000826E-02   8.69884416E-02   1.19855478E-01   9.41716194E+00   1.61417462E-02   4.81816195E-02   1.13090493E-01   1.68281710E+00   1.59021712E+06   7.32670975E+00   1.68275535E+00   1.59323712E+06   7.33330727E+00   1.67149293E+00   1.29219338E+06   6.67804813E+00 
0 1330 6.51144694E-10   5.15933252E-08   1.03151141E-08   6.95771973E-09   1.60281177E-09   6.41288023E-10   3.74481033E-08   9.57250500E+00   -5.82903028E-02   1.30263582E-01   1.11217767E-01   8.90164852E+00   7.12848902E-02   8.80395472E-02   1.19924508E-01   9.41672039E+00   1.65130403E-02   4.84762602E-02   1.13096803E-01   1.68281782E+00   1.59018262E+06   7.32663441E+00   1.68276083E+00   1.59297400E+06   7.33273220E+00   1.67079067E+00   1.29085038E+06   6.67553234E+00 
0 1340 6.35225483E-10   5.05502804E-08   1.00293907E-08   6.69925271E-09   1.55423219E-09   6.41385167E-10   3.72222644E-08   9.57249546E+00   -5.82878068E-02   1.30302191E-01   1.11218885E-01   8.89719200E+00   6.95985705E-02   8.90199319E-02   1.19991623E-01   9.41635609E+00   1.68760531E-02   4.87669371E-02   1.13102190E-01   1.68281829E+00   1.59015712E+06   7.32657862E+00   1.68276560E+00   1.59274250E+06   7.33222675E+00   1.67012703E+00   1.28958125E+06   6.67315435E+00 
0 1350 6.22111973E-10   4.95215104E-08   9.75666214E-09   6.47417364E-09   1.52094248E-09   6.41463438E-10   3.69959317E-08   9.57250500E+00   -5.82829043E-02   1.30322158E-01   1.11219853E-01   8.89289093E+00   6.80383667E-02   8.99442136E-02   1.20056711E-01   9.41606712E+00   1.72309130E-02   4.90536131E-02   1.13106675E-01   1.68281865E+00   1.59014000E+06   7.32654142E+00   1.68276978E+00   1.59254238E+06   7.33178949E+00   1.66949761E+00   1.28837725E+06   6.67089891E+00 
0 1360 6.11895146E-10   4.85109624E-08   9.49240864E-09   6.28626395E-09   1.50008328E-09   6.41516562E-10   3.67687463E-08   9.57252407E+00   -5.82741313E-02   1.30317986E-01   1.11220732E-01   8.88874340E+00   6.65939525E-02   9.08266902E-02   1.20119788E-01   9.41585159E+00   1.75782796E-02   4.93343435E-02   1.13110289E-01   1.68281889E+00   1.59012838E+06   7.32651567E+00   1.68277335E+00   1.59237250E+06   7.33141851E+00   1.66889858E+00   1.28723150E+06   6.66875267E+00 
0 1370 6.03098294E-10   4.75196202E-08   9.23481558E-09   6.12562534E-09   1.48199830E-09   6.41539322E-10   3.65406585E-08   9.57254314E+00   -5.82612343E-02   1.30291194E-01   1.11221619E-01   8.88473701E+00   6.52521476E-02   9.16801915E-02   1.20181039E-01   9.41570568E+00   1.79189891E-02   4.96046282E-02   1.13113068E-01   1.68281901E+00   1.59011788E+06   7.32649326E+00   1.68277621E+00   1.59223212E+06   7.33111143E+00   1.66832697E+00   1.28613812E+06   6.66670418E+00 
0 1380 5.94514604E-10   4.65480596E-08   8.98292640E-09   5.97501737E-09   1.46056622E-09   6.41527331E-10   3.63107553E-08   9.57255077E+00   -5.82451895E-02   1.30249441E-01   1.11222610E-01   8.88086224E+00   6.39991015E-02   9.25120413E-02   1.20240577E-01   9.41562653E+00   1.82529259E-02   4.98591326E-02   1.13115042E-01   1.68281937E+00   1.59010450E+06   7.32646370E+00   1.68277848E+00   1.59212012E+06   7.33086729E+00   1.66778123E+00   1.28509412E+06   6.66474867E+00 
0 1390 5.85952342E-10   4.55942910E-08   8.73533157E-09   5.81937565E-09   1.43677270E-09   6.41481535E-10   3.60792889E-08   9.57254219E+00   -5.82278781E-02   1.30204067E-01   1.11223765E-01   8.87712002E+00   6.28208965E-02   9.33205709E-02   1.20298423E-01   9.41561222E+00   1.85781326E-02   5.00941351E-02   1.13116227E-01   1.68281972E+00   1.59008500E+06   7.32642126E+00   1.68278027E+00   1.59203612E+06   7.33068371E+00   1.66726184E+00   1.28410038E+06   6.66288662E+00 
0 1400 5.77504711E-10   4.46571562E-08   8.49126369E-09   5.64825564E-09   1.41424505E-09   6.41402376E-10   3.58450656E-08   9.57251358E+00   -5.82115129E-02   1.30166665E-01   1.11225106E-01   8.87351322E+00   6.17056936E-02   9.40964967E-02   1.20354541E-01   9.41566086E+00   1.88924056E-02   5.03089912E-02   1.13116637E-01   1.68282020E+00   1.59005825E+06   7.32636261E+00   1.68278146E+00   1.59197925E+06   7.33055925E+00   1.66677022E+00   1.28316000E+06   6.66112518E+00 
0 1410 5.68526837E-10   4.37365202E-08   8.25340329E-09   5.45703083E-09   1.39281064E-09   6.41290965E-10   3.56077230E-08   9.57246876E+00   -5.81980161E-02   1.30145907E-01   1.11226596E-01   8.87004757E+00   6.06466606E-02   9.48283300E-02   1.20408863E-01   9.41577053E+00   1.91941746E-02   5.05065769E-02   1.13116294E-01   1.68282092E+00   1.59002525E+06   7.32629061E+00   1.68278205E+00   1.59194812E+06   7.33049154E+00   1.66630793E+00   1.28227538E+06   6.65946770E+00 
0 1420 5.57626501E-10   4.28335838E-08   8.02770384E-09   5.24797761E-09   1.36722500E-09   6.41149245E-10   3.53682594E-08   9.57241631E+00   -5.81885017E-02   1.30145356E-01   1.11228175E-01   8.86672592E+00   5.96418083E-02   9.55076367E-02   1.20461345E-01   9.41593647E+00   1.94823183E-02   5.06921932E-02   1.13115221E-01   1.68282163E+00   1.58998875E+06   7.32621098E+00   1.68278217E+00   1.59194188E+06   7.33047771E+00   1.66587460E+00   1.28144625E+06   6.65791464E+00 
0 1430 5.44011225E-10   4.19501980E-08   7.81894105E-09   5.02926412E-09   1.33362088E-09   6.40985098E-10   3.51270799E-08   9.57236481E+00   -5.81830069E-02   1.30162761E-01   1.11229762E-01   8.86354160E+00   5.86901903E-02   9.61307362E-02   1.20512031E-01   9.41615772E+00   1.97560955E-02   5.08716479E-02   1.13113463E-01   1.68282235E+00   1.58995238E+06   7.32613134E+00   1.68278182E+00   1.59195938E+06   7.33051586E+00   1.66546810E+00   1.28066838E+06   6.65645742E+00 
0 1440 5.28343758E-10   4.10882812E-08   7.62637864E-09   4.81168083E-09   1.29357647E-09   6.40803854E-10   3.48852183E-08   9.57232189E+00   -5.81805296E-02   1.30191103E-01   1.11231275E-01   8.86048508E+00   5.77886887E-02   9.66982171E-02   1.20561048E-01   9.41643143E+00   2.00153738E-02   5.10489941E-02   1.13111041E-01   1.68282294E+00   1.58991988E+06   7.32606030E+00   1.68278098E+00   1.59200038E+06   7.33060551E+00   1.66508508E+00   1.27993538E+06   6.65508413E+00 
0 1450 5.12543508E-10   4.02489277E-08   7.44449213E-09   4.60512206E-09   1.25318633E-09   6.40607178E-10   3.46429410E-08   9.57229328E+00   -5.81793450E-02   1.30220845E-01   1.11232653E-01   8.85754395E+00   5.69307543E-02   9.72134694E-02   1.20608523E-01   9.41676140E+00   2.02603303E-02   5.12246937E-02   1.13107935E-01   1.68282354E+00   1.58989362E+06   7.32600307E+00   1.68277967E+00   1.59206550E+06   7.33074760E+00   1.66472197E+00   1.27924050E+06   6.65378237E+00 
0 1460 4.98708130E-10   3.94320772E-08   7.26634397E-09   4.41607462E-09   1.21883581E-09   6.40395736E-10   3.44003546E-08   9.57228088E+00   -5.81775159E-02   1.30242690E-01   1.11233905E-01   8.85470867E+00   5.61085045E-02   9.76815000E-02   1.20654568E-01   9.41715050E+00   2.04895698E-02   5.13960607E-02   1.13104120E-01   1.68282390E+00   1.58987425E+06   7.32596064E+00   1.68277776E+00   1.59215600E+06   7.33094549E+00   1.66437638E+00   1.27857925E+06   6.65254354E+00 
0 1470 4.87921759E-10   3.86373067E-08   7.08729031E-09   4.24738467E-09   1.19250920E-09   6.40169862E-10   3.41565958E-08   9.57228088E+00   -5.81734441E-02   1.30250216E-01   1.11235052E-01   8.85197639E+00   5.53163253E-02   9.81077030E-02   1.20699197E-01   9.41760063E+00   2.07000710E-02   5.15587367E-02   1.13099568E-01   1.68282413E+00   1.58986075E+06   7.32593107E+00   1.68277538E+00   1.59227275E+06   7.33120060E+00   1.66404724E+00   1.27794925E+06   6.65136337E+00 
0 1480 4.79853435E-10   3.78640550E-08   6.90586877E-09   4.09965129E-09   1.17160537E-09   6.39927888E-10   3.39108652E-08   9.57228565E+00   -5.81663102E-02   1.30241498E-01   1.11236140E-01   8.84934998E+00   5.45516275E-02   9.84979197E-02   1.20742381E-01   9.41811085E+00   2.08898280E-02   5.17073981E-02   1.13094307E-01   1.68282437E+00   1.58985062E+06   7.32590914E+00   1.68277240E+00   1.59241538E+06   7.33151197E+00   1.66373467E+00   1.27735112E+06   6.65024281E+00 
0 1490 4.73422745E-10   3.71109650E-08   6.72239953E-09   3.97164301E-09   1.15284926E-09   6.39667097E-10   3.36623565E-08   9.57228947E+00   -5.81562407E-02   1.30219445E-01   1.11237258E-01   8.84683323E+00   5.38139381E-02   9.88574401E-02   1.20784052E-01   9.41867733E+00   2.10590158E-02   5.18369451E-02   1.13088384E-01   1.68282461E+00   1.58984075E+06   7.32588768E+00   1.68276894E+00   1.59258250E+06   7.33187723E+00   1.66343975E+00   1.27678662E+06   6.64918518E+00 
0 1500 4.67597960E-10   3.63770454E-08   6.54018439E-09   3.85809162E-09   1.13502319E-09   6.39385322E-10   3.34097408E-08   9.57228374E+00   -5.81442453E-02   1.30190715E-01   1.11238457E-01   8.84443092E+00   5.31034097E-02   9.91897956E-02   1.20824158E-01   9.41929436E+00   2.12091245E-02   5.19443974E-02   1.13081865E-01   1.68282485E+00   1.58982850E+06   7.32586098E+00   1.68276501E+00   1.59277162E+06   7.33229017E+00   1.66316342E+00   1.27625762E+06   6.64819431E+00 
0 1510 4.61641392E-10   3.56611771E-08   6.36158726E-09   3.75127485E-09   1.11880549E-09   6.39081732E-10   3.31523111E-08   9.57226658E+00   -5.81319109E-02   1.30163640E-01   1.11239761E-01   8.84214592E+00   5.24203591E-02   9.94961113E-02   1.20862685E-01   9.41995239E+00   2.13414263E-02   5.20292968E-02   1.13074839E-01   1.68282509E+00   1.58981225E+06   7.32582521E+00   1.68276072E+00   1.59297988E+06   7.33274508E+00   1.66290641E+00   1.27576575E+06   6.64727259E+00 
0 1520 4.54849269E-10   3.49627562E-08   6.19100371E-09   3.64366048E-09   1.10358600E-09   6.38757880E-10   3.28911582E-08   9.57223892E+00   -5.81209473E-02   1.30145818E-01   1.11241177E-01   8.83997631E+00   5.17643169E-02   9.97746214E-02   1.20899625E-01   9.42064571E+00   2.14559156E-02   5.20933308E-02   1.13067374E-01   1.68282557E+00   1.58979162E+06   7.32578039E+00   1.68275607E+00   1.59320450E+06   7.33323574E+00   1.66266859E+00   1.27531062E+06   6.64642000E+00 
0 1530 4.46573695E-10   3.42827740E-08   6.03041306E-09   3.53093443E-09   1.08669085E-09   6.38415820E-10   3.26271277E-08   9.57220268E+00   -5.81126884E-02   1.30141944E-01   1.11242659E-01   8.83791924E+00   5.11359051E-02   1.00022100E-01   1.20935053E-01   9.42136669E+00   2.15517003E-02   5.21400273E-02   1.13059558E-01   1.68282604E+00   1.58976812E+06   7.32572889E+00   1.68275106E+00   1.59344288E+06   7.33375645E+00   1.66244936E+00   1.27489088E+06   6.64563370E+00 
0 1540 4.36585990E-10   3.36223493E-08   5.87945559E-09   3.41316597E-09   1.06536246E-09   6.38058217E-10   3.23615374E-08   9.57216549E+00   -5.81077337E-02   1.30152658E-01   1.11244157E-01   8.83596706E+00   5.05362861E-02   1.00235306E-01   1.20969042E-01   9.42211151E+00   2.16266867E-02   5.21738604E-02   1.13051422E-01   1.68282652E+00   1.58974438E+06   7.32567692E+00   1.68274581E+00   1.59369350E+06   7.33430433E+00   1.66224706E+00   1.27450362E+06   6.64490843E+00 
0 1550 4.25465024E-10   3.29821539E-08   5.73638559E-09   3.29338468E-09   1.03896158E-09   6.37687791E-10   3.20960467E-08   9.57213402E+00   -5.81058264E-02   1.30174562E-01   1.11245602E-01   8.83411217E+00   4.99676690E-02   1.00412890E-01   1.21001698E-01   9.42287922E+00   2.16796007E-02   5.21992221E-02   1.13042980E-01   1.68282688E+00   1.58972275E+06   7.32562971E+00   1.68274021E+00   1.59395600E+06   7.33487749E+00   1.66205990E+00   1.27414538E+06   6.64423704E+00 
0 1560 4.14509427E-10   3.23616156E-08   5.59775604E-09   3.17645377E-09   1.01006026E-09   6.37306707E-10   3.18309858E-08   9.57211494E+00   -5.81059530E-02   1.30201384E-01   1.11246943E-01   8.83234692E+00   4.94319163E-02   1.00556172E-01   1.21033110E-01   9.42367077E+00   2.17097849E-02   5.22192270E-02   1.13034241E-01   1.68282723E+00   1.58970588E+06   7.32559299E+00   1.68273449E+00   1.59423000E+06   7.33547592E+00   1.66188622E+00   1.27381288E+06   6.64361429E+00 
0 1570 4.05117412E-10   3.17595088E-08   5.46222312E-09   3.06791970E-09   9.82566140E-10   6.36916575E-10   3.15664153E-08   9.57210827E+00   -5.81066646E-02   1.30225927E-01   1.11248165E-01   8.83066559E+00   4.89300676E-02   1.00669406E-01   1.21063344E-01   9.42448521E+00   2.17154212E-02   5.22347614E-02   1.13025211E-01   1.68282747E+00   1.58969462E+06   7.32556820E+00   1.68272841E+00   1.59451562E+06   7.33610010E+00   1.66172457E+00   1.27350338E+06   6.64303446E+00 
0 1580 3.97974764E-10   3.11744692E-08   5.32783906E-09   2.97264946E-09   9.59367141E-10   6.36516895E-10   3.13034469E-08   9.57211399E+00   -5.81065007E-02   1.30242139E-01   1.11249268E-01   8.82906342E+00   4.84618582E-02   1.00758731E-01   1.21092454E-01   9.42532349E+00   2.16953326E-02   5.22449762E-02   1.13015912E-01   1.68282759E+00   1.58968888E+06   7.32555580E+00   1.68272197E+00   1.59481300E+06   7.33674955E+00   1.66157424E+00   1.27321575E+06   6.64249563E+00 
0 1590 3.92685245E-10   3.06057188E-08   5.19354160E-09   2.89329960E-09   9.40682643E-10   6.36106778E-10   3.10412176E-08   9.57212830E+00   -5.81043735E-02   1.30246744E-01   1.11250289E-01   8.82754040E+00   4.80263717E-02   1.00830525E-01   1.21120438E-01   9.42618275E+00   2.16492638E-02   5.22469021E-02   1.13006368E-01   1.68282759E+00   1.58968712E+06   7.32555199E+00   1.68271542E+00   1.59512125E+06   7.33742332E+00   1.66143525E+00   1.27294975E+06   6.64199734E+00 
0 1600 3.88094445E-10   3.00517762E-08   5.05925568E-09   2.83023915E-09   9.24506638E-10   6.35684672E-10   3.07792760E-08   9.57214546E+00   -5.80998659E-02   1.30240008E-01   1.11251287E-01   8.82609844E+00   4.76221666E-02   1.00889787E-01   1.21147282E-01   9.42706013E+00   2.15808265E-02   5.22355996E-02   1.12996623E-01   1.68282759E+00   1.58968725E+06   7.32555199E+00   1.68270850E+00   1.59543938E+06   7.33811808E+00   1.66130805E+00   1.27270625E+06   6.64154100E+00 
0 1610 3.82979426E-10   2.95110425E-08   4.92542895E-09   2.78054912E-09   9.08945530E-10   6.35249409E-10   3.05165955E-08   9.57215977E+00   -5.80932945E-02   1.30225450E-01   1.11252308E-01   8.82473755E+00   4.72477600E-02   1.00939266E-01   1.21172965E-01   9.42794991E+00   2.14938149E-02   5.22060469E-02   1.12986729E-01   1.68282759E+00   1.58968688E+06   7.32555151E+00   1.68270147E+00   1.59576512E+06   7.33882952E+00   1.66119349E+00   1.27248675E+06   6.64112997E+00 
0 1620 3.76668169E-10   2.89827504E-08   4.79510387E-09   2.73862777E-09   8.93405738E-10   6.34800490E-10   3.02518472E-08   9.57216740E+00   -5.80855869E-02   1.30208671E-01   1.11253388E-01   8.82346153E+00   4.69019599E-02   1.00979142E-01   1.21197470E-01   9.42884541E+00   2.13900954E-02   5.21551445E-02   1.12976782E-01   1.68282771E+00   1.58968425E+06   7.32554579E+00   1.68269432E+00   1.59609550E+06   7.33955145E+00   1.66109192E+00   1.27229238E+06   6.64076567E+00 
0 1630 3.69136888E-10   2.84667880E-08   4.67071803E-09   2.69795919E-09   8.78104145E-10   6.34338526E-10   2.99845802E-08   9.57216740E+00   -5.80779985E-02   1.30195603E-01   1.11254536E-01   8.82227039E+00   4.65839505E-02   1.01007603E-01   1.21220797E-01   9.42973614E+00   2.12711301E-02   5.20823635E-02   1.12966880E-01   1.68282783E+00   1.58967888E+06   7.32553387E+00   1.68268704E+00   1.59642712E+06   7.34027576E+00   1.66100371E+00   1.27212350E+06   6.64044952E+00 
0 1640 3.60853986E-10   2.79641128E-08   4.55327109E-09   2.65293498E-09   8.63343452E-10   6.33865238E-10   2.97151530E-08   9.57216167E+00   -5.80717251E-02   1.30190849E-01   1.11255743E-01   8.82116127E+00   4.62927967E-02   1.01021543E-01   1.21242978E-01   9.43061447E+00   2.11372487E-02   5.19898124E-02   1.12957112E-01   1.68282795E+00   1.58967100E+06   7.32551670E+00   1.68267989E+00   1.59675662E+06   7.34099579E+00   1.66092837E+00   1.27197925E+06   6.64017916E+00 
0 1650 3.52540053E-10   2.74757639E-08   4.44362636E-09   2.60080246E-09   8.48786708E-10   6.33382680E-10   2.94442870E-08   9.57215405E+00   -5.80675676E-02   1.30196363E-01   1.11256957E-01   8.82012939E+00   4.60272916E-02   1.01017818E-01   1.21264070E-01   9.43147373E+00   2.09885053E-02   5.18821590E-02   1.12947553E-01   1.68282807E+00   1.58966238E+06   7.32549810E+00   1.68267262E+00   1.59708162E+06   7.34170532E+00   1.66086495E+00   1.27185775E+06   6.63995171E+00 
0 1660 3.45010409E-10   2.70028320E-08   4.34170344E-09   2.54201393E-09   8.34008196E-10   6.32893127E-10   2.91729734E-08   9.57214928E+00   -5.80657423E-02   1.30211085E-01   1.11258149E-01   8.81917095E+00   4.57859300E-02   1.00994289E-01   1.21284150E-01   9.43231010E+00   2.08259895E-02   5.17647825E-02   1.12938240E-01   1.68282831E+00   1.58965475E+06   7.32548141E+00   1.68266559E+00   1.59740025E+06   7.34240150E+00   1.66081202E+00   1.27175638E+06   6.63976145E+00 
0 1670 3.38789802E-10   2.65459690E-08   4.24539470E-09   2.47939158E-09   8.18665469E-10   6.32398411E-10   2.89022495E-08   9.57215214E+00   -5.80658577E-02   1.30231351E-01   1.11259274E-01   8.81827736E+00   4.55667265E-02   1.00950412E-01   1.21303290E-01   9.43312263E+00   2.06515901E-02   5.16422763E-02   1.12929195E-01   1.68282831E+00   1.58964988E+06   7.32547045E+00   1.68265867E+00   1.59771188E+06   7.34308243E+00   1.66076815E+00   1.27167250E+06   6.63960457E+00 
0 1680 3.34027916E-10   2.61042725E-08   4.15331636E-09   2.41737497E-09   8.03116740E-10   6.31899644E-10   2.86327850E-08   9.57216358E+00   -5.80670536E-02   1.30252138E-01   1.11260310E-01   8.81744480E+00   4.53673266E-02   1.00888014E-01   1.21321559E-01   9.43391037E+00   2.04673633E-02   5.15176654E-02   1.12920433E-01   1.68282843E+00   1.58964888E+06   7.32546854E+00   1.68265188E+00   1.59801625E+06   7.34374714E+00   1.66073215E+00   1.27160375E+06   6.63947535E+00 
0 1690 3.30365041E-10   2.56771546E-08   4.06544043E-09   2.36084463E-09   7.87731269E-10   6.31396990E-10   2.83648980E-08   9.57218552E+00   -5.80682755E-02   1.30268499E-01   1.11261249E-01   8.81666851E+00   4.51851636E-02   1.00810491E-01   1.21338993E-01   9.43467331E+00   2.02753991E-02   5.13914973E-02   1.12911947E-01   1.68282831E+00   1.58965212E+06   7.32547569E+00   1.68264520E+00   1.59831325E+06   7.34439611E+00   1.66070330E+00   1.27154850E+06   6.63937187E+00 
0 1700 3.27060240E-10   2.52629171E-08   3.98142364E-09   2.31400366E-09   7.72785003E-10   6.30890284E-10   2.80985759E-08   9.57221508E+00   -5.80685623E-02   1.30277008E-01   1.11262120E-01   8.81594753E+00   4.50176336E-02   1.00721687E-01   1.21355623E-01   9.43541336E+00   2.00777780E-02   5.12617156E-02   1.12903766E-01   1.68282819E+00   1.58965875E+06   7.32549000E+00   1.68263865E+00   1.59860288E+06   7.34502888E+00   1.66068125E+00   1.27150625E+06   6.63929272E+00 
0 1710 3.23317206E-10   2.48603591E-08   3.90175714E-09   2.27904140E-09   7.58424157E-10   6.30378749E-10   2.78335559E-08   9.57224751E+00   -5.80673255E-02   1.30276605E-01   1.11262955E-01   8.81528187E+00   4.48623672E-02   1.00624762E-01   1.21371441E-01   9.43612862E+00   1.98768005E-02   5.11244833E-02   1.12895884E-01   1.68282795E+00   1.58966725E+06   7.32550859E+00   1.68263233E+00   1.59888500E+06   7.34564495E+00   1.66066623E+00   1.27147725E+06   6.63923883E+00 
0 1720 3.18629650E-10   2.44679033E-08   3.82649068E-09   2.25600671E-09   7.44983686E-10   6.29861496E-10   2.75694454E-08   9.57227993E+00   -5.80644868E-02   1.30268827E-01   1.11263797E-01   8.81467247E+00   4.47174162E-02   1.00521252E-01   1.21386446E-01   9.43681717E+00   1.96760595E-02   5.09756282E-02   1.12888336E-01   1.68282783E+00   1.58967588E+06   7.32552719E+00   1.68262613E+00   1.59915850E+06   7.34624290E+00   1.66065836E+00   1.27146238E+06   6.63921070E+00 
0 1730 3.12918524E-10   2.40852387E-08   3.75535825E-09   2.24218910E-09   7.32862271E-10   6.29338248E-10   2.73058482E-08   9.57230759E+00   -5.80604486E-02   1.30257100E-01   1.11264676E-01   8.81411934E+00   4.45813462E-02   1.00410841E-01   1.21400632E-01   9.43747616E+00   1.94794089E-02   5.08116335E-02   1.12881161E-01   1.68282771E+00   1.58968300E+06   7.32554293E+00   1.68262005E+00   1.59942200E+06   7.34681797E+00   1.66065836E+00   1.27146225E+06   6.63921070E+00 
0 1740 3.06430992E-10   2.37114364E-08   3.68737729E-09   2.23245467E-09   7.21813720E-10   6.28809393E-10   2.70426810E-08   9.57232952E+00   -5.80559373E-02   1.30245760E-01   1.11265615E-01   8.81362343E+00   4.44531925E-02   1.00291722E-01   1.21414013E-01   9.43809795E+00   1.92897823E-02   5.06306291E-02   1.12874433E-01   1.68282759E+00   1.58968800E+06   7.32555389E+00   1.68261433E+00   1.59967300E+06   7.34736681E+00   1.66066599E+00   1.27147700E+06   6.63923836E+00 
0 1750 2.99607061E-10   2.33470754E-08   3.62150554E-09   2.22271135E-09   7.11069703E-10   6.28276098E-10   2.67801212E-08   9.57234478E+00   -5.80517985E-02   1.30238652E-01   1.11266598E-01   8.81318188E+00   4.43323441E-02   1.00161441E-01   1.21426605E-01   9.43867779E+00   1.91094670E-02   5.04332259E-02   1.12868197E-01   1.68282759E+00   1.58969075E+06   7.32556009E+00   1.68260896E+00   1.59990950E+06   7.34788322E+00   1.66068125E+00   1.27150600E+06   6.63929272E+00 
0 1760 2.92982499E-10   2.29933814E-08   3.55615271E-09   2.20892571E-09   6.99953429E-10   6.27740082E-10   2.65185562E-08   9.57235718E+00   -5.80487289E-02   1.30238101E-01   1.11267611E-01   8.81279087E+00   4.42182980E-02   1.00017801E-01   1.21438466E-01   9.43921185E+00   1.89401861E-02   5.02221249E-02   1.12862505E-01   1.68282747E+00   1.58969188E+06   7.32556248E+00   1.68260384E+00   1.60012925E+06   7.34836340E+00   1.66070306E+00   1.27154800E+06   6.63937140E+00 
0 1770 2.87107893E-10   2.26527224E-08   3.48999296E-09   2.18901475E-09   6.88771151E-10   6.27202845E-10   2.62585047E-08   9.57236862E+00   -5.80470860E-02   1.30244344E-01   1.11268632E-01   8.81244564E+00   4.41105701E-02   9.98596922E-02   1.21449657E-01   9.43969536E+00   1.87829267E-02   5.00011891E-02   1.12857394E-01   1.68282747E+00   1.58969275E+06   7.32556438E+00   1.68259919E+00   1.60033100E+06   7.34880400E+00   1.66073072E+00   1.27160088E+06   6.63947010E+00 
0 1780 2.82334822E-10   2.23244339E-08   3.42213036E-09   2.16276907E-09   6.78402112E-10   6.26665719E-10   2.60004143E-08   9.57238293E+00   -5.80468252E-02   1.30255580E-01   1.11269623E-01   8.81214237E+00   4.40088026E-02   9.96874571E-02   1.21460244E-01   9.44012833E+00   1.86384730E-02   4.97748367E-02   1.12852871E-01   1.68282747E+00   1.58969462E+06   7.32556868E+00   1.68259501E+00   1.60051400E+06   7.34920406E+00   1.66076303E+00   1.27166275E+06   6.63958597E+00 
0 1790 2.78561701E-10   2.20079848E-08   3.35295858E-09   2.13133045E-09   6.69317546E-10   6.26129426E-10   2.57448800E-08   9.57240295E+00   -5.80475219E-02   1.30268618E-01   1.11270554E-01   8.81187439E+00   4.39125784E-02   9.95028913E-02   1.21470280E-01   9.44051075E+00   1.85075551E-02   4.95470986E-02   1.12848938E-01   1.68282735E+00   1.58969862E+06   7.32557726E+00   1.68259120E+00   1.60067825E+06   7.34956264E+00   1.66079903E+00   1.27173162E+06   6.63971519E+00 
0 1800 2.75259260E-10   2.17018119E-08   3.28413408E-09   2.09818207E-09   6.60990707E-10   6.25594188E-10   2.54923087E-08   9.57242870E+00   -5.80485389E-02   1.30279854E-01   1.11271434E-01   8.81163979E+00   4.38214503E-02   9.93087515E-02   1.21479809E-01   9.44084454E+00   1.83908921E-02   4.93206121E-02   1.12845570E-01   1.68282723E+00   1.58970512E+06   7.32559156E+00   1.68258774E+00   1.60082425E+06   7.34988165E+00   1.66083813E+00   1.27180650E+06   6.63985538E+00 
0 1810 2.71740547E-10   2.14041318E-08   3.21776805E-09   2.06788431E-09   6.52272125E-10   6.25059726E-10   2.52430006E-08   9.57245922E+00   -5.80492206E-02   1.30286351E-01   1.11272261E-01   8.81143761E+00   4.37348597E-02   9.91080180E-02   1.21488862E-01   9.44113255E+00   1.82897430E-02   4.90961671E-02   1.12842746E-01   1.68282712E+00   1.58971400E+06   7.32561064E+00   1.68258476E+00   1.60095288E+06   7.35016251E+00   1.66088021E+00   1.27188712E+06   6.64000654E+00 
0 1820 2.67571770E-10   2.11134026E-08   3.15606319E-09   2.04431450E-09   6.42601750E-10   6.24525709E-10   2.49968242E-08   9.57249260E+00   -5.80490977E-02   1.30286634E-01   1.11273058E-01   8.81126499E+00   4.36524116E-02   9.89030600E-02   1.21497437E-01   9.44137859E+00   1.82054117E-02   4.88726273E-02   1.12840436E-01   1.68282688E+00   1.58972412E+06   7.32563257E+00   1.68258214E+00   1.60106538E+06   7.35040855E+00   1.66092551E+00   1.27197388E+06   6.64016914E+00 
0 1830 2.62819932E-10   2.08284607E-08   3.10013104E-09   2.02924189E-09   6.32786379E-10   6.23991747E-10   2.47536605E-08   9.57252693E+00   -5.80479838E-02   1.30281061E-01   1.11273855E-01   8.81112480E+00   4.35741507E-02   9.86952037E-02   1.21505529E-01   9.44158363E+00   1.81395616E-02   4.86475676E-02   1.12838618E-01   1.68282664E+00   1.58973438E+06   7.32565546E+00   1.68257987E+00   1.60116238E+06   7.35062027E+00   1.66097438E+00   1.27206738E+06   6.64034414E+00 
0 1840 2.57852878E-10   2.05489137E-08   3.04975623E-09   2.02218819E-09   6.24031937E-10   6.23457952E-10   2.45135272E-08   9.57255745E+00   -5.80460355E-02   1.30271569E-01   1.11274675E-01   8.81101704E+00   4.35004197E-02   9.84851941E-02   1.21513128E-01   9.44174862E+00   1.80942621E-02   4.84183580E-02   1.12837292E-01   1.68282652E+00   1.58974375E+06   7.32567596E+00   1.68257797E+00   1.60124375E+06   7.35079813E+00   1.66102719E+00   1.27216850E+06   6.64053345E+00 
0 1850 2.53004923E-10   2.02748165E-08   3.00405856E-09   2.02049000E-09   6.16596940E-10   6.22924878E-10   2.42766021E-08   9.57258320E+00   -5.80436625E-02   1.30261004E-01   1.11275539E-01   8.81094170E+00   4.34317663E-02   9.82723534E-02   1.21520251E-01   9.44187355E+00   1.80705898E-02   4.81830686E-02   1.12836458E-01   1.68282628E+00   1.58975150E+06   7.32569265E+00   1.68257642E+00   1.60130950E+06   7.35094166E+00   1.66108406E+00   1.27227738E+06   6.64073753E+00 
0 1860 2.48332244E-10   2.00060875E-08   2.96168956E-09   2.02069583E-09   6.09310713E-10   6.22393526E-10   2.40426008E-08   9.57260513E+00   -5.80413975E-02   1.30252287E-01   1.11276448E-01   8.81089783E+00   4.33688536E-02   9.80552956E-02   1.21526904E-01   9.44195557E+00   1.80685371E-02   4.79411595E-02   1.12836130E-01   1.68282628E+00   1.58975712E+06   7.32570505E+00   1.68257535E+00   1.60135862E+06   7.35104895E+00   1.66114497E+00   1.27239400E+06   6.64095592E+00 
0 1870 2.43694842E-10   1.97429433E-08   2.92095681E-09   2.01933270E-09   6.00641370E-10   6.21864893E-10   2.38124773E-08   9.57262230E+00   -5.80397137E-02   1.30247533E-01   1.11277387E-01   8.81088352E+00   4.33122553E-02   9.78327543E-02   1.21533126E-01   9.44199276E+00   1.80877559E-02   4.76936623E-02   1.12836331E-01   1.68282616E+00   1.58976125E+06   7.32571411E+00   1.68257451E+00   1.60139062E+06   7.35111904E+00   1.66120946E+00   1.27251738E+06   6.64118719E+00 
0 1880 2.39056552E-10   1.94860164E-08   2.88032131E-09   2.01337724E-09   5.90504368E-10   6.21339813E-10   2.35868356E-08   9.57263756E+00   -5.80388829E-02   1.30247459E-01   1.11278340E-01   8.81089401E+00   4.32622544E-02   9.76042300E-02   1.21538959E-01   9.44198608E+00   1.81273129E-02   4.74430919E-02   1.12837054E-01   1.68282604E+00   1.58976462E+06   7.32572126E+00   1.68257415E+00   1.60140488E+06   7.35115004E+00   1.66127658E+00   1.27264600E+06   6.64142799E+00 
0 1890 2.34597286E-10   1.92355092E-08   2.83847301E-09   2.00062589E-09   5.80543613E-10   6.20818952E-10   2.33652742E-08   9.57265377E+00   -5.80389164E-02   1.30251303E-01   1.11279294E-01   8.81092644E+00   4.32187393E-02   9.73703340E-02   1.21544451E-01   9.44193268E+00   1.81856193E-02   4.71929647E-02   1.12838313E-01   1.68282604E+00   1.58976812E+06   7.32572889E+00   1.68257427E+00   1.60140138E+06   7.35114241E+00   1.66134584E+00   1.27277850E+06   6.64167643E+00 
0 1900 2.30560501E-10   1.89908871E-08   2.79459789E-09   1.98009431E-09   5.72772219E-10   6.20302310E-10   2.31466739E-08   9.57267189E+00   -5.80395721E-02   1.30257085E-01   1.11280218E-01   8.81097698E+00   4.31813002E-02   9.71327722E-02   1.21549651E-01   9.44183636E+00   1.82610992E-02   4.69469056E-02   1.12840071E-01   1.68282592E+00   1.58977275E+06   7.32573891E+00   1.68257475E+00   1.60138038E+06   7.35109663E+00   1.66141641E+00   1.27291362E+06   6.64192963E+00 
0 1910 2.26971095E-10   1.87515798E-08   2.74945622E-09   1.95306327E-09   5.67737579E-10   6.19789664E-10   2.29298642E-08   9.57269382E+00   -5.80404475E-02   1.30262345E-01   1.11281104E-01   8.81104374E+00   4.31492887E-02   9.68939736E-02   1.21554568E-01   9.44169903E+00   1.83519665E-02   4.67078574E-02   1.12842314E-01   1.68282580E+00   1.58977875E+06   7.32575226E+00   1.68257570E+00   1.60134288E+06   7.35101461E+00   1.66148806E+00   1.27305062E+06   6.64218616E+00 
0 1920 2.23568233E-10   1.85166726E-08   2.70514366E-09   1.92264937E-09   5.63903313E-10   6.19280682E-10   2.27141594E-08   9.57271862E+00   -5.80411218E-02   1.30264834E-01   1.11281961E-01   8.81112671E+00   4.31219824E-02   9.66564268E-02   1.21559232E-01   9.44152355E+00   1.84563436E-02   4.64776754E-02   1.12844996E-01   1.68282568E+00   1.58978612E+06   7.32576799E+00   1.68257689E+00   1.60128988E+06   7.35089874E+00   1.66156042E+00   1.27318938E+06   6.64244604E+00 
0 1930 2.20114496E-10   1.82853910E-08   2.66367928E-09   1.89288540E-09   5.59232882E-10   6.18774532E-10   2.24995382E-08   9.57274628E+00   -5.80412708E-02   1.30263194E-01   1.11282803E-01   8.81122494E+00   4.30987515E-02   9.64221209E-02   1.21563636E-01   9.44131374E+00   1.85728297E-02   4.62568551E-02   1.12848088E-01   1.68282545E+00   1.58979438E+06   7.32578659E+00   1.68257844E+00   1.60122300E+06   7.35075235E+00   1.66163397E+00   1.27333012E+06   6.64270973E+00 
0 1940 2.16690388E-10   1.80568254E-08   2.62623101E-09   1.86669280E-09   5.53056823E-10   6.18270823E-10   2.22862830E-08   9.57277203E+00   -5.80407828E-02   1.30257323E-01   1.11283645E-01   8.81133938E+00   4.30792905E-02   9.61920694E-02   1.21567771E-01   9.44107342E+00   1.87001042E-02   4.60446104E-02   1.12851553E-01   1.68282533E+00   1.58980288E+06   7.32580471E+00   1.68258035E+00   1.60114325E+06   7.35057831E+00   1.66170907E+00   1.27347388E+06   6.64297915E+00 
0 1950 2.13666279E-10   1.78308266E-08   2.59240962E-09   1.84491378E-09   5.46367840E-10   6.17769558E-10   2.20748113E-08   9.57279682E+00   -5.80397733E-02   1.30248338E-01   1.11284509E-01   8.81147289E+00   4.30636294E-02   9.59661379E-02   1.21571615E-01   9.44080448E+00   1.88366119E-02   4.58394028E-02   1.12855367E-01   1.68282521E+00   1.58981062E+06   7.32582188E+00   1.68258250E+00   1.60105188E+06   7.35037899E+00   1.66178608E+00   1.27362125E+06   6.64325523E+00 
0 1960 2.11346274E-10   1.76069346E-08   2.56106381E-09   1.82640125E-09   5.40511413E-10   6.17271290E-10   2.18655902E-08   9.57281685E+00   -5.80385327E-02   1.30238175E-01   1.11285403E-01   8.81162453E+00   4.30520773E-02   9.57431793E-02   1.21575177E-01   9.44050884E+00   1.89809073E-02   4.56395075E-02   1.12859502E-01   1.68282509E+00   1.58981712E+06   7.32583618E+00   1.68258488E+00   1.60094938E+06   7.35015488E+00   1.66186523E+00   1.27377288E+06   6.64353943E+00 
0 1970 2.09586487E-10   1.73857444E-08   2.53125432E-09   1.80923587E-09   5.35633093E-10   6.16776630E-10   2.16589306E-08   9.57283306E+00   -5.80374375E-02   1.30228996E-01   1.11286342E-01   8.81179428E+00   4.30450663E-02   9.55214649E-02   1.21578462E-01   9.44018745E+00   1.91317257E-02   4.54436280E-02   1.12863958E-01   1.68282497E+00   1.58982200E+06   7.32584667E+00   1.68258750E+00   1.60083600E+06   7.34990692E+00   1.66194677E+00   1.27392888E+06   6.64383125E+00 
0 1980 2.07820428E-10   1.71677819E-08   2.50220777E-09   1.79134030E-09   5.30496536E-10   6.16286466E-10   2.14550244E-08   9.57284546E+00   -5.80368228E-02   1.30222559E-01   1.11287303E-01   8.81198215E+00   4.30429317E-02   9.52993259E-02   1.21581472E-01   9.43983936E+00   1.92877855E-02   4.52513508E-02   1.12868734E-01   1.68282485E+00   1.58982562E+06   7.32585478E+00   1.68259037E+00   1.60071162E+06   7.34963560E+00   1.66203022E+00   1.27408850E+06   6.64413071E+00 
0 1990 2.05412728E-10   1.69528374E-08   2.47325782E-09   1.77125137E-09   5.23686539E-10   6.15801632E-10   2.12549214E-08   9.57285595E+00   -5.80368787E-02   1.30219698E-01   1.11288287E-01   8.81218338E+00   4.30458449E-02   9.50757042E-02   1.21584259E-01   9.43946362E+00   1.94473751E-02   4.50633392E-02   1.12873830E-01   1.68282485E+00   1.58982838E+06   7.32586050E+00   1.68259358E+00   1.60057612E+06   7.34933949E+00   1.66211510E+00   1.27425112E+06   6.64443541E+00 
0 2000 2.02135253E-10   1.67404135E-08   2.44328224E-09   1.74766435E-09   5.15336551E-10   6.15322571E-10   2.10592521E-08   9.57286644E+00   -5.80375977E-02   1.30220145E-01   1.11289263E-01   8.81239796E+00   4.30535525E-02   9.48504955E-02   1.21586844E-01   9.43906212E+00   1.96085293E-02   4.48811837E-02   1.12879246E-01   1.68282473E+00   1.58983112E+06   7.32586670E+00   1.68259692E+00   1.60042962E+06   7.34901953E+00   1.66220093E+00   1.27441538E+06   6.64474297E+00 
